,delta,alpha
0,0.0,0.0
1,0.0001,7.994028877185741e-09
2,0.0002,5.1122937337785834e-12
3,0.00030000000000000003,1.730712654522267e-11
4,0.0004,4.115009451241273e-11
5,0.0005,8.061666781436741e-11
6,0.0006000000000000001,1.397291135432716e-10
7,0.0007,2.225563526555039e-10
8,0.0008,3.3321381842579804e-10
9,0.0009000000000000001,4.75863316080709e-10
10,0.001,6.547128830491471e-10
11,0.0011,8.740166505158028e-10
12,0.0012000000000000001,1.1380747066046052e-09
13,0.0013000000000000002,1.4512329593543782e-09
14,0.0014,1.8178830021578415e-09
15,0.0015,2.2424619798330686e-09
16,0.0016,2.72945245467606e-09
17,0.0017000000000000001,3.2833822762745664e-09
18,0.0018000000000000002,3.908824449278184e-09
19,0.0019,4.610397004613114e-09
20,0.002,5.392762870766889e-09
21,0.0021000000000000003,6.260629745806858e-09
22,0.0022,7.218749972165044e-09
23,0.0023,8.271920410808252e-09
24,0.0024000000000000002,9.424982316603918e-09
25,0.0025,2.128359221075986e-11
26,0.0026000000000000003,2.4968507744663162e-11
27,0.0027,2.911814975454401e-11
28,0.0028,3.3771131179628536e-11
29,0.0029000000000000002,3.896776688792327e-11
30,0.003,4.475008991776142e-11
31,0.0031000000000000003,5.116186753912804e-11
32,0.0032,5.824861999081142e-11
33,0.0033,6.605763467368463e-11
34,0.0034000000000000002,7.463798692934093e-11
35,0.0035,8.404055513294853e-11
36,0.0036000000000000003,9.431803583599789e-11
37,0.0037,1.0552496315276442e-10
38,0.0038,1.1771772514365587e-10
39,0.0039000000000000003,1.309545796043904e-10
40,0.004,1.4529566946156904e-10
41,0.0041,1.6080304359408818e-10
42,0.004200000000000001,1.7754066947972775e-10
43,0.0043,1.9557445111897217e-10
44,0.0044,2.1497224624678344e-10
45,0.0045000000000000005,2.358038810993713e-10
46,0.0046,2.581411684256457e-10
47,0.0047,2.820579229038843e-10
48,0.0048000000000000004,3.076299776277653e-10
49,0.0049,3.3493519999369704e-10
50,0.005,3.6405350985612886e-10
51,0.0051,3.950668937834088e-10
52,0.005200000000000001,4.280594203736535e-10
53,0.0053,4.6311725875056896e-10
54,0.0054,5.00328694816181e-10
55,0.0055000000000000005,5.397841442247111e-10
56,0.0056,5.815761694601787e-10
57,0.0057,6.257994999654683e-10
58,0.0058000000000000005,6.725510419332888e-10
59,0.0059,7.219298975520518e-10
60,0.006,7.740373805436051e-10
61,0.0061,8.289770324155403e-10
62,0.006200000000000001,8.868546356424331e-10
63,0.0063,9.477782336855483e-10
64,0.0064,1.011858142184576e-09
65,0.006500000000000001,1.0792069697908676e-09
66,0.0066,1.1499396266076743e-09
67,0.0067,1.2241733497796033e-09
68,0.0068000000000000005,1.3020277075062786e-09
69,0.006900000000000001,1.3836246249960823e-09
70,0.007,1.4690883936549883e-09
71,0.0071,1.5585456906402603e-09
72,0.007200000000000001,1.6521255893905155e-09
73,0.0073,1.7499595797727977e-09
74,0.0074,1.8521815810039534e-09
75,0.007500000000000001,1.9589279601650887e-09
76,0.0076,2.0703375430467985e-09
77,0.0077,2.186551632131792e-09
78,0.0078000000000000005,2.3077140225544704e-09
79,0.0079,2.4339710150004997e-09
80,0.008,2.5654714342397674e-09
81,0.0081,2.702366642051205e-09
82,0.0082,2.8448105541931613e-09
83,0.0083,2.9929596531660254e-09
84,0.008400000000000001,3.1469730052233896e-09
85,0.0085,3.3070122778920695e-09
86,0.0086,3.4732417488015063e-09
87,0.008700000000000001,3.6458283263498213e-09
88,0.0088,3.824941565029761e-09
89,0.0089,4.010753676325271e-09
90,0.009000000000000001,4.203439547466835e-09
91,0.0091,4.4031767548326066e-09
92,0.0092,4.610145581551251e-09
93,0.009300000000000001,4.824529029872128e-09
94,0.0094,5.046512835771806e-09
95,0.0095,5.276285486987309e-09
96,0.009600000000000001,5.514038235558469e-09
97,0.0097,5.759965114422348e-09
98,0.0098,6.014262952468994e-09
99,0.0099,6.277131387125342e-09
100,0.01,6.5487728846757215e-09
101,0.010100000000000001,6.829392749688356e-09
102,0.0102,7.119199141543834e-09
103,0.0103,7.418403090922207e-09
104,0.010400000000000001,7.727218515627042e-09
105,0.0105,8.045862231237365e-09
106,0.0106,8.37455397349833e-09
107,0.010700000000000001,8.713516404588097e-09
108,0.0108,9.062975131229685e-09
109,0.0109,9.423158726447375e-09
110,0.011000000000000001,9.794298735335042e-09
111,0.0111,9.002142932167495e-11
112,0.0112,9.434697022549574e-11
113,0.011300000000000001,9.884035264084978e-11
114,0.0114,1.0350658293942296e-10
115,0.0115,1.083507665676895e-10
116,0.011600000000000001,1.1337811923632232e-10
117,0.0117,1.1859396608030115e-10
118,0.0118,1.2400373973134766e-10
119,0.0119,1.296129860890236e-10
120,0.012,1.354273608406968e-10
121,0.012100000000000001,1.4145263344895194e-10
122,0.0122,1.4769469271978918e-10
123,0.0123,1.5415954097501224e-10
124,0.012400000000000001,1.6085329781786416e-10
125,0.0125,1.6778220594307067e-10
126,0.0126,1.7495262378861308e-10
127,0.012700000000000001,1.823710346996384e-10
128,0.0128,1.9004404937757181e-10
129,0.0129,1.9797839529128486e-10
130,0.013000000000000001,2.0618093850146172e-10
131,0.0131,2.1465865977665223e-10
132,0.0132,2.2341867920879492e-10
133,0.013300000000000001,2.3246824551114642e-10
134,0.0134,2.418147355063859e-10
135,0.0135,2.5146566914418276e-10
136,0.013600000000000001,2.614286941700244e-10
137,0.0137,2.7171159800363193e-10
138,0.013800000000000002,2.8232230755621375e-10
139,0.013900000000000001,2.932688870092155e-10
140,0.014,3.0455954815443183e-10
141,0.014100000000000001,3.162026351749191e-10
142,0.0142,3.2820665025504777e-10
143,0.0143,3.405802324900962e-10
144,0.014400000000000001,3.533321726962337e-10
145,0.0145,3.664714060434767e-10
146,0.0146,3.800070296391417e-10
147,0.014700000000000001,3.9394828020467143e-10
148,0.0148,4.0830455913126863e-10
149,0.0149,4.2308541562342543e-10
150,0.015000000000000001,4.3830056112082186e-10
151,0.0151,4.5395986572520167e-10
152,0.0152,4.700733562151188e-10
153,0.015300000000000001,4.866512269216992e-10
154,0.0154,5.037038337206466e-10
155,0.0155,5.21241695223918e-10
156,0.015600000000000001,5.39275500405451e-10
157,0.015700000000000002,5.578161083182379e-10
158,0.0158,5.768745464358806e-10
159,0.0159,5.96462012625249e-10
160,0.016,6.165898816704037e-10
161,0.0161,6.372697013515187e-10
162,0.0162,6.58513199402947e-10
163,0.016300000000000002,6.803322797160245e-10
164,0.0164,7.027390297584109e-10
165,0.0165,7.257457151713449e-10
166,0.0166,7.493647911492342e-10
167,0.0167,7.736088980255104e-10
168,0.016800000000000002,7.984908530716693e-10
169,0.016900000000000002,8.240236800288462e-10
170,0.017,8.502205826888549e-10
171,0.0171,8.770949560001306e-10
172,0.0172,9.046603993466881e-10
173,0.0173,9.32930697787755e-10
174,0.017400000000000002,9.619198436359022e-10
175,0.0175,9.91642023433549e-10
176,0.0176,1.0221116293350129e-09
177,0.0177,1.0533432495300998e-09
178,0.0178,1.085351688313455e-09
179,0.0179,1.1181519523639032e-09
180,0.018000000000000002,1.1517592570975016e-09
181,0.0181,1.1861890278452742e-09
182,0.0182,1.2214569048814917e-09
183,0.0183,1.2575787444634098e-09
184,0.0184,1.2945706142061115e-09
185,0.018500000000000003,1.3324488054933647e-09
186,0.018600000000000002,1.3712298273719702e-09
187,0.0187,1.4109304118832872e-09
188,0.0188,1.4515675186279647e-09
189,0.0189,1.4931583278286416e-09
190,0.019,1.5357202503755787e-09
191,0.019100000000000002,1.5792709268751702e-09
192,0.019200000000000002,1.623828230011057e-09
193,0.0193,1.6694102646496733e-09
194,0.0194,1.7160353740755183e-09
195,0.0195,1.7637221424573127e-09
196,0.0196,1.8124893836933618e-09
197,0.019700000000000002,1.8623561637910552e-09
198,0.0198,1.913341788846366e-09
199,0.0199,1.965465805275714e-09
200,0.02,2.01874801604929e-09
201,0.0201,2.0732084696202585e-09
202,0.020200000000000003,2.1288674675286147e-09
203,0.020300000000000002,2.1857455652371264e-09
204,0.0204,2.2438635729389807e-09
205,0.0205,2.303242559481035e-09
206,0.0206,2.3639038519764654e-09
207,0.0207,2.425869043168066e-09
208,0.020800000000000003,2.4891599913476587e-09
209,0.020900000000000002,2.5537988125756046e-09
210,0.021,2.6198079040869357e-09
211,0.0211,2.6872099240131444e-09
212,0.0212,2.7560278042300273e-09
213,0.0213,2.8262847517140677e-09
214,0.021400000000000002,2.898004259478044e-09
215,0.021500000000000002,2.9712100875787566e-09
216,0.0216,3.0459262815048566e-09
217,0.0217,3.1221771700402267e-09
218,0.0218,3.199987374072676e-09
219,0.0219,3.279381789499888e-09
220,0.022000000000000002,3.3603856132134857e-09
221,0.0221,3.443024332726984e-09
222,0.0222,3.5273237269873727e-09
223,0.0223,3.6133098705783674e-09
224,0.0224,3.70100913719464e-09
225,0.022500000000000003,3.790448211121563e-09
226,0.022600000000000002,3.881654064843255e-09
227,0.0227,3.9746539927716414e-09
228,0.0228,4.069475580464475e-09
229,0.0229,4.166146737269146e-09
230,0.023,4.264695682025976e-09
231,0.023100000000000002,4.365150945780559e-09
232,0.023200000000000002,4.467541373148903e-09
233,0.0233,4.571896139885915e-09
234,0.0234,4.678244733590373e-09
235,0.0235,4.786616966848376e-09
236,0.0236,4.8970429850988355e-09
237,0.023700000000000002,5.009553258710929e-09
238,0.0238,5.124178590810716e-09
239,0.0239,5.240950117925725e-09
240,0.024,5.35989930379903e-09
241,0.0241,5.481057971948651e-09
242,0.024200000000000003,5.6044582650494525e-09
243,0.024300000000000002,5.7301326797871634e-09
244,0.0244,5.858114061658857e-09
245,0.0245,5.988435594675907e-09
246,0.0246,6.121130817752108e-09
247,0.0247,6.256233635617978e-09
248,0.024800000000000003,6.393778281966092e-09
249,0.024900000000000002,6.533799376822646e-09
250,0.025,6.676331882923648e-09
251,0.0251,6.821411131157593e-09
252,0.0252,6.9690728218995185e-09
253,0.0253,7.119353018862158e-09
254,0.025400000000000002,7.2722881589299455e-09
255,0.025500000000000002,7.427915056461377e-09
256,0.0256,7.586270890426517e-09
257,0.0257,7.747393228482715e-09
258,0.0258,7.911320017477944e-09
259,0.025900000000000003,8.078089584677837e-09
260,0.026000000000000002,8.247740648480062e-09
261,0.0261,8.420312317010699e-09
262,0.0262,8.595844081072119e-09
263,0.0263,8.774375838525817e-09
264,0.0264,8.955947874648052e-09
265,0.026500000000000003,9.140600876997147e-09
266,0.026600000000000002,9.328375933939325e-09
267,0.0267,9.5193145463191e-09
268,0.0268,9.713458614364927e-09
269,0.0269,9.91085045153985e-09
270,0.027,1.0111532789416834e-08
271,0.027100000000000003,2.2278224894622613e-10
272,0.027200000000000002,2.2809986581425725e-10
273,0.0273,2.3352497682819744e-10
274,0.0274,2.390593593609823e-10
275,0.0275,2.447048300953547e-10
276,0.027600000000000003,2.504632194363821e-10
277,0.027700000000000002,2.5633638783837876e-10
278,0.027800000000000002,2.623262192010039e-10
279,0.0279,2.684346220159258e-10
280,0.028,2.746635308650351e-10
281,0.0281,2.8101489800217767e-10
282,0.028200000000000003,2.8749070304785825e-10
283,0.028300000000000002,2.940929595506866e-10
284,0.0284,3.0082370158137855e-10
285,0.0285,3.0768498482987474e-10
286,0.0286,3.146788944715247e-10
287,0.0287,3.2180754777892926e-10
288,0.028800000000000003,3.290730730007638e-10
289,0.028900000000000002,3.36477649162193e-10
290,0.029,3.440234574026327e-10
291,0.0291,3.51712720549665e-10
292,0.0292,3.595476939103807e-10
293,0.029300000000000003,3.675306378907598e-10
294,0.029400000000000003,3.7566387328779364e-10
295,0.029500000000000002,3.839497214791629e-10
296,0.0296,3.923905460427419e-10
297,0.0297,4.009887405680413e-10
298,0.0298,4.0974671445509534e-10
299,0.029900000000000003,4.1866692780501373e-10
300,0.030000000000000002,4.277518572915287e-10
301,0.030100000000000002,4.3700400394932433e-10
302,0.0302,4.464259135874214e-10
303,0.0303,4.5602015471244815e-10
304,0.0304,4.657893264892055e-10
305,0.030500000000000003,4.757360668569538e-10
306,0.030600000000000002,4.858630279517359e-10
307,0.0307,4.961729140570556e-10
308,0.0308,5.066684476287804e-10
309,0.0309,5.173523926070334e-10
310,0.031,5.282275375879074e-10
311,0.031100000000000003,5.392967025099667e-10
312,0.031200000000000002,5.505627598226442e-10
313,0.0313,5.620285859018408e-10
314,0.031400000000000004,5.736971204285277e-10
315,0.0315,5.855713079940319e-10
316,0.0316,5.976541574975176e-10
317,0.0317,6.099486886174954e-10
318,0.0318,6.224579687916293e-10
319,0.031900000000000005,6.351850925674278e-10
320,0.032,6.481332035917122e-10
321,0.032100000000000004,6.613054617231873e-10
322,0.0322,6.747050835949752e-10
323,0.0323,6.883353107747536e-10
324,0.0324,7.021994205141205e-10
325,0.0325,7.163007290281555e-10
326,0.032600000000000004,7.306426025231971e-10
327,0.0327,7.452284198171409e-10
328,0.0328,7.60061620940407e-10
329,0.0329,7.751456774525478e-10
330,0.033,7.904840925720344e-10
331,0.033100000000000004,8.060804184870738e-10
332,0.0332,8.219382418619341e-10
333,0.0333,8.380611847877942e-10
334,0.0334,8.544529222964751e-10
335,0.0335,8.711171606659212e-10
336,0.033600000000000005,8.880576406974049e-10
337,0.0337,9.05278170468527e-10
338,0.033800000000000004,9.227825645649265e-10
339,0.0339,9.405747037963304e-10
340,0.034,9.586585069311486e-10
341,0.0341,9.770379236442929e-10
342,0.0342,9.957169652623504e-10
343,0.034300000000000004,1.014699674542243e-09
344,0.0344,1.0339901334643007e-09
345,0.0345,1.0535924849976193e-09
346,0.0346,1.073510899320763e-09
347,0.0347,1.093749598394794e-09
348,0.034800000000000005,1.1143128477078068e-09
349,0.0349,1.1352049717501704e-09
350,0.035,1.1564303148369538e-09
351,0.0351,1.177993288206015e-09
352,0.0352,1.1998983398556431e-09
353,0.035300000000000005,1.2221499796602538e-09
354,0.0354,1.244752737257733e-09
355,0.035500000000000004,1.2677112151179674e-09
356,0.0356,1.2910300572562341e-09
357,0.0357,1.3147139481526335e-09
358,0.0358,1.3387676340337902e-09
359,0.0359,1.363195894957804e-09
360,0.036000000000000004,1.3880035797037188e-09
361,0.0361,1.4131955658625255e-09
362,0.0362,1.438776799968017e-09
363,0.0363,1.4647522766280447e-09
364,0.0364,1.491127029325305e-09
365,0.036500000000000005,1.517906152064757e-09
366,0.0366,1.545094796332414e-09
367,0.0367,1.5726981519784454e-09
368,0.0368,1.600721477272277e-09
369,0.0369,1.6291700759033245e-09
370,0.037000000000000005,1.6580493032805978e-09
371,0.0371,1.6873645786210744e-09
372,0.037200000000000004,1.7171213603660955e-09
373,0.0373,1.7473251788377075e-09
374,0.0374,1.7779816045615588e-09
375,0.0375,1.8090962850852085e-09
376,0.0376,1.8406748967758612e-09
377,0.037700000000000004,1.87272318834642e-09
378,0.0378,1.9052469746857418e-09
379,0.0379,1.938252113145645e-09
380,0.038,1.971744527412082e-09
381,0.0381,2.0057301832093787e-09
382,0.038200000000000005,2.040215140224564e-09
383,0.0383,2.0752054819497814e-09
384,0.038400000000000004,2.1107073649122024e-09
385,0.0385,2.1467270241655662e-09
386,0.0386,2.18327071510885e-09
387,0.038700000000000005,2.2203447991156907e-09
388,0.0388,2.2579556725804903e-09
389,0.038900000000000004,2.2961097962704827e-09
390,0.039,2.3348137025868176e-09
391,0.0391,2.3740739803300444e-09
392,0.0392,2.4138972781849937e-09
393,0.0393,2.4542903291181376e-09
394,0.039400000000000004,2.4952599054229873e-09
395,0.0395,2.5368128662678076e-09
396,0.0396,2.578956114869187e-09
397,0.0397,2.621696636966713e-09
398,0.0398,2.6650414835357878e-09
399,0.039900000000000005,2.7089977602919385e-09
400,0.04,2.7535726613889284e-09
401,0.040100000000000004,2.798773428403144e-09
402,0.0402,2.8446073840989517e-09
403,0.0403,2.891081906793971e-09
404,0.040400000000000005,2.9382044734416875e-09
405,0.0405,2.985982599673442e-09
406,0.040600000000000004,3.0344238809593205e-09
407,0.0407,3.0835359954867097e-09
408,0.0408,3.133326684452365e-09
409,0.0409,3.1838037556995028e-09
410,0.041,3.234975106267819e-09
411,0.041100000000000005,3.2868486856318414e-09
412,0.0412,3.3394325303275158e-09
413,0.0413,3.3927347547447634e-09
414,0.0414,3.4467635324989714e-09
415,0.0415,3.5015271328483756e-09
416,0.041600000000000005,3.557033890892626e-09
417,0.0417,3.6132922073404954e-09
418,0.041800000000000004,3.6703105813091395e-09
419,0.0419,3.728097570435061e-09
420,0.042,3.786661822743783e-09
421,0.042100000000000005,3.846012062287128e-09
422,0.0422,3.906157095477138e-09
423,0.042300000000000004,3.967105797544432e-09
424,0.0424,4.02886713731318e-09
425,0.0425,4.0914501501802216e-09
426,0.0426,4.154863973523858e-09
427,0.0427,4.219117814604372e-09
428,0.042800000000000005,4.284220958902258e-09
429,0.0429,4.350182777557547e-09
430,0.043000000000000003,4.417012737444576e-09
431,0.0431,4.484720374772802e-09
432,0.0432,4.553315316727354e-09
433,0.043300000000000005,4.622807281952854e-09
434,0.0434,4.693206072845401e-09
435,0.043500000000000004,4.764521564652282e-09
436,0.0436,4.8367637504800614e-09
437,0.0437,4.9099426693778115e-09
438,0.0438,4.984068495152228e-09
439,0.0439,5.059151454461155e-09
440,0.044000000000000004,5.135201886518404e-09
441,0.0441,5.212230208927422e-09
442,0.0442,5.290246935183502e-09
443,0.0443,5.3692626751635234e-09
444,0.0444,5.449288119902083e-09
445,0.044500000000000005,5.5303340560783915e-09
446,0.0446,5.612411377537437e-09
447,0.044700000000000004,5.695531065847495e-09
448,0.0448,5.779704180630272e-09
449,0.0449,5.864941907492429e-09
450,0.045000000000000005,5.951255497235673e-09
451,0.0451,6.038656326084332e-09
452,0.045200000000000004,6.127155851667289e-09
453,0.0453,6.216765628793175e-09
454,0.0454,6.307497324359658e-09
455,0.0455,6.399362687902353e-09
456,0.0456,6.4923735900663586e-09
457,0.045700000000000005,6.586541975859514e-09
458,0.0458,6.681879915077883e-09
459,0.0459,6.778399567835033e-09
460,0.046,6.876113208781582e-09
461,0.0461,6.975033208128703e-09
462,0.046200000000000005,7.075172026042393e-09
463,0.0463,7.176542266496062e-09
464,0.046400000000000004,7.2791566020870045e-09
465,0.0465,7.383027831169739e-09
466,0.0466,7.488168849415948e-09
467,0.046700000000000005,7.59459266892948e-09
468,0.0468,7.702312408340626e-09
469,0.046900000000000004,7.811341297151244e-09
470,0.047,7.921692670149106e-09
471,0.0471,8.033379967300813e-09
472,0.0472,8.146416767046939e-09
473,0.0473,8.26081673073458e-09
474,0.047400000000000005,8.376593640277418e-09
475,0.0475,8.493761404909826e-09
476,0.0476,8.61233403825722e-09
477,0.0477,8.732325664933241e-09
478,0.0478,8.853750533417777e-09
479,0.047900000000000005,8.976623001966824e-09
480,0.048,9.100957555482636e-09
481,0.048100000000000004,9.226768797621792e-09
482,0.0482,9.354071442228472e-09
483,0.0483,9.482880324027667e-09
484,0.048400000000000006,9.613210414013641e-09
485,0.0485,9.745076778950844e-09
486,0.048600000000000004,9.878494633246097e-09
487,0.0487,1.0013479294364154e-08
488,0.0488,1.0150046212524914e-08
489,0.0489,1.02882109690333e-08
490,0.049,4.0720735506889193e-10
491,0.049100000000000005,4.1357155042595787e-10
492,0.0492,4.2002279590750425e-10
493,0.049300000000000004,4.265621222998799e-10
494,0.0494,4.331905562369858e-10
495,0.0495,4.399091469674553e-10
496,0.049600000000000005,4.467189407860423e-10
497,0.0497,4.536210225787858e-10
498,0.049800000000000004,4.606164585856046e-10
499,0.0499,4.677063355990568e-10
500,0.05,4.748917563989396e-10
501,0.050100000000000006,4.821738197636127e-10
502,0.0502,4.895536653831823e-10
503,0.050300000000000004,4.970324030072823e-10
504,0.0504,5.046111834388589e-10
505,0.0505,5.122911720796114e-10
506,0.0506,5.20073513799983e-10
507,0.0507,5.2795939248995e-10
508,0.050800000000000005,5.359499930352321e-10
509,0.0509,5.440465198844474e-10
510,0.051000000000000004,5.522501851519336e-10
511,0.0511,5.605621989902918e-10
512,0.0512,5.689838027338029e-10
513,0.051300000000000005,5.77516244333727e-10
514,0.0514,5.86160777151483e-10
515,0.051500000000000004,5.949186721035665e-10
516,0.0516,6.037912110776983e-10
517,0.0517,6.127796955186167e-10
518,0.051800000000000006,6.218854123373726e-10
519,0.0519,6.311097010593364e-10
520,0.052000000000000005,6.404538892479229e-10
521,0.0521,6.499193101515871e-10
522,0.0522,6.595073328720649e-10
523,0.0523,6.692193213099501e-10
524,0.0524,6.790566569244748e-10
525,0.052500000000000005,6.890207462717382e-10
526,0.0526,6.991129827095785e-10
527,0.052700000000000004,7.093348034049657e-10
528,0.0528,7.196876348747469e-10
529,0.0529,7.301729190308677e-10
530,0.053000000000000005,7.407921426490586e-10
531,0.0531,7.515467600530644e-10
532,0.053200000000000004,7.624382724476924e-10
533,0.0533,7.734681754791872e-10
534,0.0534,7.846380044740296e-10
535,0.053500000000000006,7.959492691076421e-10
536,0.0536,8.074035359308693e-10
537,0.053700000000000005,8.190023496491877e-10
538,0.0538,8.307473001268095e-10
539,0.0539,8.426399655137733e-10
540,0.054,8.546819502909877e-10
541,0.0541,8.668748854471919e-10
542,0.054200000000000005,8.792203998832405e-10
543,0.0543,8.917201389002293e-10
544,0.054400000000000004,9.043757668490859e-10
545,0.0545,9.171889730231319e-10
546,0.0546,9.301614351029908e-10
547,0.054700000000000006,9.432948886710854e-10
548,0.0548,9.565910358728563e-10
549,0.054900000000000004,9.700516272908888e-10
550,0.055,9.836784214402119e-10
551,0.0551,9.97473192568422e-10
552,0.055200000000000006,1.0114377248657623e-09
553,0.0553,1.0255738392299674e-09
554,0.055400000000000005,1.0398833360134782e-09
555,0.0555,1.054368070712457e-09
556,0.055600000000000004,1.069029888800629e-09
557,0.0557,1.0838706755028351e-09
558,0.0558,1.0988923001253894e-09
559,0.055900000000000005,1.1140966745286788e-09
560,0.056,1.1294857362575787e-09
561,0.056100000000000004,1.1450614116336239e-09
562,0.0562,1.1608256573462223e-09
563,0.0563,1.1767804466998166e-09
564,0.056400000000000006,1.1929277816609003e-09
565,0.0565,1.2092696643743665e-09
566,0.056600000000000004,1.2258081251304641e-09
567,0.0567,1.2425452031381896e-09
568,0.0568,1.2594829773482793e-09
569,0.056900000000000006,1.2766235130249697e-09
570,0.057,1.2939689187015303e-09
571,0.057100000000000005,1.3115213188633214e-09
572,0.0572,1.3292828405111102e-09
573,0.057300000000000004,1.347255635408886e-09
574,0.0574,1.3654418991795445e-09
575,0.0575,1.3838438153049112e-09
576,0.057600000000000005,1.4024635875531214e-09
577,0.0577,1.4213034577707463e-09
578,0.057800000000000004,1.4403656897658466e-09
579,0.0579,1.459652525699474e-09
580,0.058,1.4791662891317968e-09
581,0.058100000000000006,1.4989092725502464e-09
582,0.0582,1.5188838187187467e-09
583,0.058300000000000005,1.5390922611905537e-09
584,0.0584,1.5595369951039616e-09
585,0.0585,1.5802203927399324e-09
586,0.058600000000000006,1.601144880664545e-09
587,0.0587,1.6223128930179058e-09
588,0.058800000000000005,1.6437268756525157e-09
589,0.0589,1.6653893181076625e-09
590,0.059000000000000004,1.6873027051712573e-09
591,0.0591,1.7094695571875747e-09
592,0.0592,1.731892414905292e-09
593,0.059300000000000005,1.75457383816096e-09
594,0.0594,1.7775164199645434e-09
595,0.059500000000000004,1.8007227656306658e-09
596,0.0596,1.824195499821384e-09
597,0.0597,1.8479372595742122e-09
598,0.059800000000000006,1.8719507422849577e-09
599,0.0599,1.8962386206176654e-09
600,0.060000000000000005,1.9208036257260625e-09
601,0.0601,1.945648492347119e-09
602,0.060200000000000004,1.9707759864330084e-09
603,0.0603,1.9961888989140797e-09
604,0.0604,2.0218900372605247e-09
605,0.060500000000000005,2.047882249076248e-09
606,0.0606,2.074168366573088e-09
607,0.060700000000000004,2.100751289411229e-09
608,0.0608,2.1276339206064947e-09
609,0.0609,2.1548192023812296e-09
610,0.061000000000000006,2.1823100616978725e-09
611,0.0611,2.210109508783416e-09
612,0.061200000000000004,2.2382205272515996e-09
613,0.0613,2.2666461533311298e-09
614,0.0614,2.295389447222738e-09
615,0.061500000000000006,2.32445348085987e-09
616,0.0616,2.3538413720572887e-09
617,0.061700000000000005,2.3835562316478405e-09
618,0.0618,2.413601232583016e-09
619,0.061900000000000004,2.44397955483656e-09
620,0.062,2.474694408762412e-09
621,0.0621,2.5057490220496722e-09
622,0.062200000000000005,2.5371466647061656e-09
623,0.0623,2.5688906228362275e-09
624,0.062400000000000004,2.6009842148591457e-09
625,0.0625,2.633430785764068e-09
626,0.0626,2.6662337042622348e-09
627,0.0627,2.6993963628695726e-09
628,0.06280000000000001,2.7329221802118318e-09
629,0.0629,2.7668146322900343e-09
630,0.063,2.8010771859398486e-09
631,0.0631,2.8357133567109314e-09
632,0.0632,2.8707266733569755e-09
633,0.06330000000000001,2.906120712180161e-09
634,0.0634,2.941899074110897e-09
635,0.0635,2.9780653645645553e-09
636,0.0636,3.014623258639657e-09
637,0.0637,3.051576421899049e-09
638,0.06380000000000001,3.0889285831877492e-09
639,0.0639,3.1266834716950752e-09
640,0.064,3.164844865917893e-09
641,0.0641,3.2034165689778805e-09
642,0.06420000000000001,3.2424024246028746e-09
643,0.06430000000000001,3.281806279400251e-09
644,0.0644,3.321632049618232e-09
645,0.0645,3.361883634066733e-09
646,0.0646,3.4025650159828572e-09
647,0.06470000000000001,3.4436801704496376e-09
648,0.0648,3.48523312154638e-09
649,0.0649,3.527227921170804e-09
650,0.065,3.5696686499002376e-09
651,0.0651,3.6125594355234745e-09
652,0.06520000000000001,3.655904423285343e-09
653,0.0653,3.6997077990087563e-09
654,0.0654,3.743973761508741e-09
655,0.0655,3.7887065851576054e-09
656,0.0656,3.833910526699642e-09
657,0.06570000000000001,3.8795899148985665e-09
658,0.0658,3.925749098954187e-09
659,0.0659,3.9723924648577215e-09
660,0.066,4.019524414523004e-09
661,0.0661,4.0671494289427094e-09
662,0.06620000000000001,4.115271966354676e-09
663,0.0663,4.163896564401234e-09
664,0.0664,4.2130277881188e-09
665,0.0665,4.262670207264148e-09
666,0.0666,4.3128284692880745e-09
667,0.06670000000000001,4.363507237627887e-09
668,0.0668,4.4147112058802995e-09
669,0.0669,4.46644510973409e-09
670,0.067,4.518713725572187e-09
671,0.0671,4.571521882516416e-09
672,0.06720000000000001,4.624874392131754e-09
673,0.0673,4.678776170427054e-09
674,0.0674,4.733232123206262e-09
675,0.0675,4.788247227078211e-09
676,0.06760000000000001,4.8438264604656375e-09
677,0.06770000000000001,4.899974884145472e-09
678,0.0678,4.956697551339454e-09
679,0.0679,5.01399958361587e-09
680,0.068,5.071886143178509e-09
681,0.06810000000000001,5.130362414548353e-09
682,0.0682,5.1894336359648025e-09
683,0.0683,5.2491050746616115e-09
684,0.0684,5.309382047110532e-09
685,0.0685,5.3702699087343915e-09
686,0.06860000000000001,5.4317740491930615e-09
687,0.0687,5.49389989897328e-09
688,0.0688,5.55665293928165e-09
689,0.0689,5.6200386876381935e-09
690,0.069,5.684062700436351e-09
691,0.06910000000000001,5.7487305755241914e-09
692,0.0692,5.8140479686848424e-09
693,0.0693,5.8800205563014465e-09
694,0.0694,5.946654060737228e-09
695,0.0695,6.013954272655429e-09
696,0.06960000000000001,6.081926979107303e-09
697,0.0697,6.15057806366968e-09
698,0.0698,6.2199134188807186e-09
699,0.0699,6.28993898160966e-09
700,0.07,6.360660759647298e-09
701,0.07010000000000001,6.4320847725181755e-09
702,0.0702,6.504217120146184e-09
703,0.0703,6.577063902828556e-09
704,0.0704,6.650631314099463e-09
705,0.07050000000000001,6.7249255730389364e-09
706,0.07060000000000001,6.799952917633562e-09
707,0.0707,6.875719673144828e-09
708,0.0708,6.952232199114733e-09
709,0.0709,7.029496901994513e-09
710,0.07100000000000001,7.107520213538495e-09
711,0.0711,7.186308647857977e-09
712,0.0712,7.2658687573229264e-09
713,0.0713,7.346207116686811e-09
714,0.0714,7.427330387095999e-09
715,0.07150000000000001,7.509245252427308e-09
716,0.0716,7.59195846067076e-09
717,0.0717,7.675476779382985e-09
718,0.0718,7.759807081207303e-09
719,0.0719,7.844956232477026e-09
720,0.07200000000000001,7.930931179640381e-09
721,0.0721,8.017738914776762e-09
722,0.0722,8.105386495334352e-09
723,0.0723,8.193880989826202e-09
724,0.0724,8.283229553751133e-09
725,0.07250000000000001,8.373439383839105e-09
726,0.0726,8.464517737862002e-09
727,0.0727,8.556471900575727e-09
728,0.0728,8.649309246426124e-09
729,0.0729,8.743037171191241e-09
730,0.07300000000000001,8.837663128982746e-09
731,0.0731,8.933194658341006e-09
732,0.0732,9.029639315280007e-09
733,0.0733,9.12700471819396e-09
734,0.0734,9.225298551568715e-09
735,0.07350000000000001,9.324528553246969e-09
736,0.0736,9.424702524162066e-09
737,0.0737,9.525828282505446e-09
738,0.0738,9.627913748982666e-09
739,0.07390000000000001,9.730966886300629e-09
740,0.07400000000000001,9.834995694903036e-09
741,0.0741,9.940008257623416e-09
742,0.0742,1.0046012710295275e-08
743,0.0743,1.0153017229651954e-08
744,0.07440000000000001,1.0261030072911666e-08
745,0.0745,1.0370059537703075e-08
746,0.0746,1.0480113979749123e-08
747,0.0747,1.0591201856248391e-08
748,0.0748,6.380277000823633e-10
749,0.07490000000000001,6.456364038721154e-10
750,0.075,6.533264256370233e-10
751,0.0751,6.610985757542512e-10
752,0.0752,6.689536036959366e-10
753,0.0753,6.768923113077996e-10
754,0.07540000000000001,6.849154793120599e-10
755,0.0755,6.930239045561689e-10
756,0.0756,7.012183974257483e-10
757,0.0757,7.094997738781413e-10
758,0.0758,7.178688518832854e-10
759,0.07590000000000001,7.263264406731936e-10
760,0.076,7.348733738381747e-10
761,0.0761,7.435105067751651e-10
762,0.0762,7.522386691686092e-10
763,0.0763,7.610587341097165e-10
764,0.07640000000000001,7.6997152462839e-10
765,0.0765,7.789779451048708e-10
766,0.0766,7.880788381036578e-10
767,0.0767,7.972751024806002e-10
768,0.07680000000000001,8.065676140026924e-10
769,0.07690000000000001,8.159572895869522e-10
770,0.077,8.254449976203321e-10
771,0.0771,8.350316767734543e-10
772,0.0772,8.44718241722086e-10
773,0.07730000000000001,8.545055975606001e-10
774,0.07740000000000001,8.643946899388368e-10
775,0.0775,8.743864605051821e-10
776,0.0776,8.844818468593821e-10
777,0.0777,8.946818246698644e-10
778,0.07780000000000001,9.049873252959305e-10
779,0.0779,9.153993420826176e-10
780,0.078,9.259188571254952e-10
781,0.0781,9.36546828277548e-10
782,0.0782,9.472842858366423e-10
783,0.07830000000000001,9.581321944332175e-10
784,0.0784,9.690916051927166e-10
785,0.0785,9.801635034669842e-10
786,0.0786,9.913489335688863e-10
787,0.0787,1.0026489155687103e-09
788,0.07880000000000001,1.0140645139073528e-09
789,0.0789,1.0255967715707423e-09
790,0.079,1.0372467322975252e-09
791,0.0791,1.0490154862850137e-09
792,0.0792,1.0609040994525557e-09
793,0.07930000000000001,1.0729136684587865e-09
794,0.0794,1.0850452684189027e-09
795,0.0795,1.0973000165195034e-09
796,0.0796,1.1096790375161682e-09
797,0.07970000000000001,1.1221834148659345e-09
798,0.07980000000000001,1.1348143071769654e-09
799,0.0799,1.147572848744077e-09
800,0.08,1.1604601757968671e-09
801,0.0801,1.17347746334029e-09
802,0.08020000000000001,1.1866258525222542e-09
803,0.08030000000000001,1.1999065375485516e-09
804,0.0804,1.2133207014935006e-09
805,0.0805,1.226869529500694e-09
806,0.0806,1.2405542382469684e-09
807,0.08070000000000001,1.254376025656886e-09
808,0.08080000000000001,1.2683361165143195e-09
809,0.0809,1.2824357396991313e-09
810,0.081,1.2966761482537253e-09
811,0.0811,1.3110585927184844e-09
812,0.08120000000000001,1.3255843182167565e-09
813,0.0813,1.3402546123503233e-09
814,0.0814,1.3550707449384105e-09
815,0.0815,1.3700340265303794e-09
816,0.0816,1.385145718142824e-09
817,0.08170000000000001,1.400407169717593e-09
818,0.0818,1.4158196816826425e-09
819,0.0819,1.4313845964076217e-09
820,0.082,1.447103249099213e-09
821,0.0821,1.4629769812897289e-09
822,0.08220000000000001,1.4790071796371666e-09
823,0.0823,1.4951952082109193e-09
824,0.0824,1.5115424462371865e-09
825,0.0825,1.5280502832976324e-09
826,0.0826,1.5447201388532837e-09
827,0.08270000000000001,1.561553407764016e-09
828,0.0828,1.5785515509525714e-09
829,0.0829,1.595715971574698e-09
830,0.083,1.613048139972082e-09
831,0.08310000000000001,1.6305495126829847e-09
832,0.08320000000000001,1.6482215549047532e-09
833,0.0833,1.6660657621364451e-09
834,0.0834,1.6840836091713228e-09
835,0.0835,1.702276615941349e-09
836,0.08360000000000001,1.7206463102825793e-09
837,0.08370000000000001,1.7391941943811926e-09
838,0.0838,1.7579218197228493e-09
839,0.0839,1.7768307576652865e-09
840,0.084,1.7959225400703262e-09
841,0.08410000000000001,1.815198763211137e-09
842,0.08420000000000001,1.8346610136286047e-09
843,0.0843,1.8543108829600594e-09
844,0.0844,1.8741499978090816e-09
845,0.0845,1.894179974067831e-09
846,0.08460000000000001,1.9144024357850425e-09
847,0.0847,1.9348190691404774e-09
848,0.0848,1.955431491731516e-09
849,0.0849,1.9762414003673317e-09
850,0.085,1.997250500310971e-09
851,0.08510000000000001,2.018460452089399e-09
852,0.0852,2.0398729877899047e-09
853,0.0853,2.061489842016271e-09
854,0.0854,2.083312738774137e-09
855,0.0855,2.1053434367652814e-09
856,0.08560000000000001,2.1275837063329024e-09
857,0.0857,2.1500353153430683e-09
858,0.0858,2.1727000595028074e-09
859,0.0859,2.1955797361426315e-09
860,0.08600000000000001,2.2186761797016864e-09
861,0.08610000000000001,2.241991214171998e-09
862,0.0862,2.265526672325102e-09
863,0.0863,2.289284434416574e-09
864,0.0864,2.313266360137838e-09
865,0.08650000000000001,2.3374743415253766e-09
866,0.08660000000000001,2.3619102796169796e-09
867,0.0867,2.3865760957201715e-09
868,0.0868,2.4114737181831464e-09
869,0.0869,2.436605078300055e-09
870,0.08700000000000001,2.4619721462149553e-09
871,0.08710000000000001,2.4875769002851987e-09
872,0.0872,2.513421322978469e-09
873,0.0873,2.539507399831111e-09
874,0.0874,2.5658371740761673e-09
875,0.08750000000000001,2.5924126633275884e-09
876,0.0876,2.6192359203686212e-09
877,0.0877,2.646309004348437e-09
878,0.0878,2.6736339983902296e-09
879,0.0879,2.701212975472149e-09
880,0.08800000000000001,2.729048077230779e-09
881,0.0881,2.7571414041482672e-09
882,0.0882,2.7854950974796287e-09
883,0.0883,2.8141113331973937e-09
884,0.0884,2.8429922481086253e-09
885,0.08850000000000001,2.872140062790724e-09
886,0.0886,2.90155694406047e-09
887,0.0887,2.931245142755092e-09
888,0.0888,2.96120688522175e-09
889,0.0889,2.991444421382956e-09
890,0.08900000000000001,3.0219600038324127e-09
891,0.0891,3.0527559456222943e-09
892,0.0892,3.0838345311197393e-09
893,0.0893,3.115198068479603e-09
894,0.08940000000000001,3.1468489192689257e-09
895,0.08950000000000001,3.1787894216512136e-09
896,0.0896,3.2110219398946287e-09
897,0.0897,3.243548854954509e-09
898,0.0898,3.276372591010574e-09
899,0.08990000000000001,3.3094955456715512e-09
900,0.09000000000000001,3.3429201747243635e-09
901,0.0901,3.376648937146259e-09
902,0.0902,3.410684286568562e-09
903,0.0903,3.4450287308606347e-09
904,0.09040000000000001,3.4796847705357273e-09
905,0.09050000000000001,3.5146549413733177e-09
906,0.0906,3.5499417760955862e-09
907,0.0907,3.585547846037747e-09
908,0.0908,3.6214757431093593e-09
909,0.09090000000000001,3.6577280702140407e-09
910,0.091,3.6943074208702663e-09
911,0.0911,3.731216460794281e-09
912,0.0912,3.768457831424748e-09
913,0.0913,3.806034213292368e-09
914,0.09140000000000001,3.8439482970784606e-09
915,0.0915,3.88220281277111e-09
916,0.0916,3.920800482289842e-09
917,0.0917,3.959744069159008e-09
918,0.0918,3.999036340787077e-09
919,0.09190000000000001,4.0386800944623835e-09
920,0.092,4.078678134679416e-09
921,0.0921,4.1190332861709085e-09
922,0.0922,4.159748437479853e-09
923,0.09230000000000001,4.2008264312856995e-09
924,0.09240000000000001,4.242270170933116e-09
925,0.0925,4.284082567245476e-09
926,0.0926,4.32626655599733e-09
927,0.0927,4.368825098002887e-09
928,0.09280000000000001,4.411761178109749e-09
929,0.09290000000000001,4.455077776787155e-09
930,0.093,4.498777928202359e-09
931,0.0931,4.542864645778368e-09
932,0.0932,4.58734103198224e-09
933,0.09330000000000001,4.632210134569854e-09
934,0.09340000000000001,4.677475075158496e-09
935,0.0935,4.723138984497015e-09
936,0.0936,4.76920500246584e-09
937,0.0937,4.815676310132829e-09
938,0.09380000000000001,4.862556084555644e-09
939,0.09390000000000001,4.909847556313112e-09
940,0.094,4.957553955404438e-09
941,0.0941,5.005678548939288e-09
942,0.0942,5.0542246168372595e-09
943,0.09430000000000001,5.103195464082574e-09
944,0.0944,5.152594420806664e-09
945,0.0945,5.202424844600392e-09
946,0.0946,5.252690106100544e-09
947,0.0947,5.30339361246814e-09
948,0.09480000000000001,5.354538782926288e-09
949,0.0949,5.406129067804013e-09
950,0.095,5.45816792287201e-09
951,0.0951,5.510658881120033e-09
952,0.0952,5.563605420588558e-09
953,0.09530000000000001,5.617011111303409e-09
954,0.0954,5.670879504288832e-09
955,0.0955,5.725214219289684e-09
956,0.0956,5.7800188458327275e-09
957,0.09570000000000001,5.835297044621489e-09
958,0.09580000000000001,5.891052490217222e-09
959,0.0959,5.9472888495613805e-09
960,0.096,6.004009866819363e-09
961,0.0961,6.061219280969322e-09
962,0.09620000000000001,6.118920860900513e-09
963,0.09630000000000001,6.17711839983333e-09
964,0.0964,6.235815734722977e-09
965,0.0965,6.295016702032674e-09
966,0.0966,6.354725176420626e-09
967,0.09670000000000001,6.414945066318543e-09
968,0.09680000000000001,6.475680307197958e-09
969,0.0969,6.5369348422196715e-09
970,0.097,6.598712662266788e-09
971,0.0971,6.661017787805701e-09
972,0.09720000000000001,6.723854232287217e-09
973,0.09730000000000001,6.787226069775039e-09
974,0.0974,6.851137408771861e-09
975,0.0975,6.915592346329181e-09
976,0.0976,6.980595062342848e-09
977,0.09770000000000001,7.0461496988995806e-09
978,0.0978,7.11226049039638e-09
979,0.0979,7.1789316553906615e-09
980,0.098,7.246167470449291e-09
981,0.0981,7.313972225250535e-09
982,0.09820000000000001,7.3823502446007534e-09
983,0.0983,7.451305856082414e-09
984,0.0984,7.520843457334606e-09
985,0.0985,7.590967458247896e-09
986,0.09860000000000001,7.661682314696623e-09
987,0.09870000000000001,7.732992458848282e-09
988,0.0988,7.804902442342269e-09
989,0.0989,7.87741673965672e-09
990,0.099,7.950539943861674e-09
991,0.09910000000000001,8.024276643233326e-09
992,0.09920000000000001,8.098631476167818e-09
993,0.0993,8.17360905288352e-09
994,0.0994,8.249214108827803e-09
995,0.0995,8.325451333868596e-09
996,0.09960000000000001,8.402325484797488e-09
997,0.09970000000000001,8.479841317383873e-09
998,0.0998,8.558003686377976e-09
999,0.0999,8.636817423375564e-09
1000,0.1,8.716287392080923e-09
1001,0.10010000000000001,8.796418504933553e-09
1002,0.10020000000000001,8.877215707918411e-09
1003,0.1003,8.958683990132114e-09
1004,0.1004,9.040828342475815e-09
1005,0.1005,9.123653818061709e-09
1006,0.10060000000000001,9.207165488544145e-09
1007,0.10070000000000001,9.291368472654228e-09
1008,0.1008,9.376267900690894e-09
1009,0.1009,9.461868958550861e-09
1010,0.101,9.54817687482865e-09
1011,0.10110000000000001,9.635196879214516e-09
1012,0.1012,9.722934251377681e-09
1013,0.1013,9.81139433548376e-09
1014,0.1014,9.900582442352868e-09
1015,0.1015,9.990503997700702e-09
1016,0.10160000000000001,1.008116441079081e-08
1017,0.1017,1.0172569141467548e-08
1018,0.1018,1.0264723697931176e-08
1019,0.1019,1.0357633603243861e-08
1020,0.10200000000000001,1.0451304416989012e-08
1021,0.10210000000000001,1.0545741764284847e-08
1022,0.1022,1.0640951286600384e-08
1023,0.1023,1.0736938658657046e-08
1024,0.1024,1.0833709589725167e-08
1025,0.10250000000000001,8.929218350654973e-10
1026,0.10260000000000001,9.018349839855218e-10
1027,0.1027,9.108293598764248e-10
1028,0.1028,9.19905644160841e-10
1029,0.1029,9.29064523809519e-10
1030,0.10300000000000001,9.383066464010095e-10
1031,0.10310000000000001,9.476327208707808e-10
1032,0.1032,9.570434350142762e-10
1033,0.1033,9.665395016824203e-10
1034,0.1034,9.761215942442827e-10
1035,0.10350000000000001,9.857904465068768e-10
1036,0.10360000000000001,9.955467760022353e-10
1037,0.1037,1.0053912802289188e-09
1038,0.1038,1.0153247002208262e-09
1039,0.1039,1.0253477374002363e-09
1040,0.10400000000000001,1.0354611736113356e-09
1041,0.1041,1.0456657143062972e-09
1042,0.1042,1.0559621074038352e-09
1043,0.1043,1.0663511201059242e-09
1044,0.1044,1.0768335044956598e-09
1045,0.10450000000000001,1.0874100122480032e-09
1046,0.1046,1.098081434104591e-09
1047,0.1047,1.1088485098857487e-09
1048,0.1048,1.1197120555773942e-09
1049,0.10490000000000001,1.130672830035422e-09
1050,0.10500000000000001,1.141731653615406e-09
1051,0.1051,1.1528892919093563e-09
1052,0.1052,1.1641465696495841e-09
1053,0.1053,1.1755042728450918e-09
1054,0.10540000000000001,1.1869632493018488e-09
1055,0.10550000000000001,1.1985242931605537e-09
1056,0.1056,1.2101882330797027e-09
1057,0.1057,1.2219559261542862e-09
1058,0.1058,1.233828171919863e-09
1059,0.10590000000000001,1.2458058632338448e-09
1060,0.10600000000000001,1.2578898053875965e-09
1061,0.1061,1.2700808984229428e-09
1062,0.1062,1.2823799696892056e-09
1063,0.1063,1.294787905160494e-09
1064,0.10640000000000001,1.3073055932175391e-09
1065,0.10650000000000001,1.319933886956566e-09
1066,0.1066,1.3326737171918907e-09
1067,0.1067,1.345525943020932e-09
1068,0.1068,1.3584914787271027e-09
1069,0.10690000000000001,1.371571244845054e-09
1070,0.10700000000000001,1.3847661441952522e-09
1071,0.1071,1.3980771009565245e-09
1072,0.1072,1.4115050417851067e-09
1073,0.1073,1.42505091480177e-09
1074,0.10740000000000001,1.4387156516706544e-09
1075,0.1075,1.4525002055558289e-09
1076,0.1076,1.4664055499404208e-09
1077,0.1077,1.4804326075596702e-09
1078,0.1078,1.494582376052182e-09
1079,0.10790000000000001,1.5088558379211894e-09
1080,0.108,1.523253959177908e-09
1081,0.1081,1.5377777275104418e-09
1082,0.1082,1.5524281715186497e-09
1083,0.10830000000000001,1.5672062829571647e-09
1084,0.10840000000000001,1.5821130600312387e-09
1085,0.1085,1.5971495381335966e-09
1086,0.1086,1.612316736195624e-09
1087,0.1087,1.6276156989155913e-09
1088,0.10880000000000001,1.643047468627741e-09
1089,0.10890000000000001,1.6586130955561635e-09
1090,0.109,1.674313628837349e-09
1091,0.1091,1.6901501216506634e-09
1092,0.1092,1.7061236866178332e-09
1093,0.10930000000000001,1.7222353645434184e-09
1094,0.10940000000000001,1.7384862582932556e-09
1095,0.1095,1.7548774852705984e-09
1096,0.1096,1.7714101154080033e-09
1097,0.1097,1.7880852576434234e-09
1098,0.10980000000000001,1.8049040834007848e-09
1099,0.10990000000000001,1.8218676660977035e-09
1100,0.11,1.8389771649531922e-09
1101,0.1101,1.856233717561429e-09
1102,0.1102,1.873638469680145e-09
1103,0.11030000000000001,1.8911926038806123e-09
1104,0.11040000000000001,1.9088972706749007e-09
1105,0.1105,1.926753641802539e-09
1106,0.1106,1.944762912922576e-09
1107,0.1107,1.962926298484282e-09
1108,0.11080000000000001,1.98124496121463e-09
1109,0.1109,1.9997201243824595e-09
1110,0.111,2.0183530144418777e-09
1111,0.1111,2.0371448610322598e-09
1112,0.11120000000000001,2.0560968969782515e-09
1113,0.11130000000000001,2.075210358289771e-09
1114,0.1114,2.0944865235873e-09
1115,0.1115,2.113926615627136e-09
1116,0.1116,2.133531959020256e-09
1117,0.11170000000000001,2.1533037830173773e-09
1118,0.11180000000000001,2.17324339911743e-09
1119,0.1119,2.193352120896895e-09
1120,0.112,2.2136312296512878e-09
1121,0.1121,2.23408206548387e-09
1122,0.11220000000000001,2.25470593357679e-09
1123,0.11230000000000001,2.2755042007299753e-09
1124,0.1124,2.296478181586944e-09
1125,0.1125,2.317629228633491e-09
1126,0.1126,2.3389587429777147e-09
1127,0.11270000000000001,2.360468065530529e-09
1128,0.11280000000000001,2.3821585805165415e-09
1129,0.1129,2.404031699668546e-09
1130,0.113,2.426088833006558e-09
1131,0.1131,2.4483313581268994e-09
1132,0.11320000000000001,2.470760714857133e-09
1133,0.11330000000000001,2.4933783279933295e-09
1134,0.1134,2.516185662066083e-09
1135,0.1135,2.5391841491964577e-09
1136,0.1136,2.56237526398401e-09
1137,0.11370000000000001,2.585760484779865e-09
1138,0.11380000000000001,2.609341273549377e-09
1139,0.1139,2.633119136248768e-09
1140,0.114,2.6570955826566163e-09
1141,0.11410000000000001,2.6812721075294583e-09
1142,0.11420000000000001,2.7056502444075474e-09
1143,0.1143,2.7302315576778856e-09
1144,0.1144,2.7550175549702945e-09
1145,0.1145,2.7800098003547713e-09
1146,0.11460000000000001,2.8052098713098613e-09
1147,0.11470000000000001,2.8306193438797776e-09
1148,0.1148,2.8562398183822524e-09
1149,0.1149,2.8820728815439597e-09
1150,0.115,2.90812014440993e-09
1151,0.11510000000000001,2.9343832179911603e-09
1152,0.11520000000000001,2.9608637621711248e-09
1153,0.1153,2.98756341925135e-09
1154,0.1154,3.014483837000247e-09
1155,0.1155,3.0416266836470018e-09
1156,0.11560000000000001,3.06899363567884e-09
1157,0.11570000000000001,3.0965863737640164e-09
1158,0.1158,3.1244066387612494e-09
1159,0.1159,3.1524561020715337e-09
1160,0.116,3.180736514479931e-09
1161,0.11610000000000001,3.209249617454501e-09
1162,0.11620000000000001,3.2379971471997303e-09
1163,0.1163,3.266980853822993e-09
1164,0.1164,3.2962025466901983e-09
1165,0.1165,3.3256640039551723e-09
1166,0.11660000000000001,3.355367002667772e-09
1167,0.11670000000000001,3.385313349037723e-09
1168,0.1168,3.4155048950753674e-09
1169,0.1169,3.4459434725737122e-09
1170,0.117,3.476630921987303e-09
1171,0.11710000000000001,3.5075690883056657e-09
1172,0.11720000000000001,3.538759877739903e-09
1173,0.1173,3.5702051472621706e-09
1174,0.1174,3.6019068151723836e-09
1175,0.11750000000000001,3.6338667851024108e-09
1176,0.11760000000000001,3.6660869861657463e-09
1177,0.1177,3.6985693508300098e-09
1178,0.1178,3.731315841314946e-09
1179,0.1179,3.7643284190997164e-09
1180,0.11800000000000001,3.79760905603562e-09
1181,0.11810000000000001,3.831159742728989e-09
1182,0.1182,3.864982505332947e-09
1183,0.1183,3.899079321942569e-09
1184,0.1184,3.933452270426934e-09
1185,0.11850000000000001,3.968103380648989e-09
1186,0.11860000000000001,4.003034698600741e-09
1187,0.1187,4.038248306054588e-09
1188,0.1188,4.073746298269489e-09
1189,0.1189,4.109530774207767e-09
1190,0.11900000000000001,4.145603835125383e-09
1191,0.11910000000000001,4.181967649190818e-09
1192,0.1192,4.218624335030479e-09
1193,0.1193,4.255576048755855e-09
1194,0.1194,4.292824978464966e-09
1195,0.11950000000000001,4.330373295013779e-09
1196,0.11960000000000001,4.36822321541292e-09
1197,0.1197,4.406376966284325e-09
1198,0.1198,4.444836775399308e-09
1199,0.1199,4.483604898535454e-09
1200,0.12000000000000001,4.522683574270785e-09
1201,0.12010000000000001,4.562075090479537e-09
1202,0.1202,4.6017817433932674e-09
1203,0.1203,4.6418058532235415e-09
1204,0.12040000000000001,4.682149742933355e-09
1205,0.12050000000000001,4.72281574391146e-09
1206,0.1206,4.763806238665486e-09
1207,0.1207,4.80512354567559e-09
1208,0.1208,4.846770101514386e-09
1209,0.12090000000000001,4.888748300146725e-09
1210,0.12100000000000001,4.9310605441166025e-09
1211,0.1211,4.97370928884585e-09
1212,0.1212,5.016696965620191e-09
1213,0.1213,5.060026060168655e-09
1214,0.12140000000000001,5.103699082789012e-09
1215,0.12150000000000001,5.14771848815809e-09
1216,0.1216,5.192086799880327e-09
1217,0.1217,5.2368065920833674e-09
1218,0.1218,5.281880374651553e-09
1219,0.12190000000000001,5.327310758312293e-09
1220,0.12200000000000001,5.373100289514303e-09
1221,0.1221,5.4192516085833045e-09
1222,0.1222,5.465767295832107e-09
1223,0.1223,5.512650027108008e-09
1224,0.12240000000000001,5.55990243987156e-09
1225,0.12250000000000001,5.607527199489495e-09
1226,0.1226,5.6555270210177835e-09
1227,0.1227,5.703904602794295e-09
1228,0.1228,5.7526626524203895e-09
1229,0.12290000000000001,5.801803949116031e-09
1230,0.12300000000000001,5.851331252570712e-09
1231,0.1231,5.901247311550508e-09
1232,0.1232,5.951554943763401e-09
1233,0.1233,6.002256999748844e-09
1234,0.12340000000000001,6.0533562639934036e-09
1235,0.12350000000000001,6.104855625095825e-09
1236,0.1236,6.1567579463911035e-09
1237,0.1237,6.2090661037620645e-09
1238,0.12380000000000001,6.2617830645279315e-09
1239,0.12390000000000001,6.314911696311351e-09
1240,0.124,6.368455003584915e-09
1241,0.1241,6.422415932019967e-09
1242,0.1242,6.476797478109742e-09
1243,0.12430000000000001,6.531602645355516e-09
1244,0.12440000000000001,6.586834442799072e-09
1245,0.1245,6.642495977546193e-09
1246,0.1246,6.6985902522861736e-09
1247,0.1247,6.75512040904278e-09
1248,0.12480000000000001,6.8120895515617315e-09
1249,0.12490000000000001,6.869500771649758e-09
1250,0.125,6.927357253795879e-09
1251,0.12510000000000002,6.985662172207623e-09
1252,0.1252,7.044418704033047e-09
1253,0.1253,7.103630078122286e-09
1254,0.1254,7.163299489402915e-09
1255,0.1255,7.223430249727598e-09
1256,0.12560000000000002,7.284025588281445e-09
1257,0.1257,7.3450888336161006e-09
1258,0.1258,7.4066232982590284e-09
1259,0.1259,7.468632326146717e-09
1260,0.126,7.531119262990726e-09
1261,0.12610000000000002,7.594087514270384e-09
1262,0.1262,7.657540466534091e-09
1263,0.1263,7.721481585630258e-09
1264,0.1264,7.785914273841436e-09
1265,0.1265,7.850842029278911e-09
1266,0.12660000000000002,7.916268365582031e-09
1267,0.1267,7.982196776075493e-09
1268,0.1268,8.048630806954165e-09
1269,0.1269,8.115574037998609e-09
1270,0.127,8.183030055707507e-09
1271,0.12710000000000002,8.251002453291784e-09
1272,0.1272,8.319494901195688e-09
1273,0.1273,8.388511013712068e-09
1274,0.1274,8.458054497519146e-09
1275,0.1275,8.528129049731159e-09
1276,0.12760000000000002,8.598738396965216e-09
1277,0.1277,8.66988631952743e-09
1278,0.1278,8.741576582237915e-09
1279,0.1279,8.81381298261902e-09
1280,0.128,8.88659935098973e-09
1281,0.12810000000000002,8.959939524869808e-09
1282,0.1282,9.0338374170306e-09
1283,0.1283,9.108296885589223e-09
1284,0.12840000000000001,9.183321904925406e-09
1285,0.1285,9.258916393286498e-09
1286,0.12860000000000002,9.335084347554892e-09
1287,0.1287,9.41182974938662e-09
1288,0.1288,9.489156633492235e-09
1289,0.12890000000000001,9.567069092369796e-09
1290,0.129,9.64557115779247e-09
1291,0.1291,9.724666958928123e-09
1292,0.1292,9.804360641900474e-09
1293,0.1293,9.884656354565128e-09
1294,0.12940000000000002,9.965558281590266e-09
1295,0.1295,1.0047070638451974e-08
1296,0.1296,1.0129197669987983e-08
1297,0.1297,1.0211943638233819e-08
1298,0.1298,1.0295312853077243e-08
1299,0.12990000000000002,1.0379309615705957e-08
1300,0.13,1.0463938301351595e-08
1301,0.1301,1.0549203258241563e-08
1302,0.1302,1.0635108947230458e-08
1303,0.1303,1.072165973160622e-08
1304,0.13040000000000002,1.080886014742267e-08
1305,0.1305,1.089671461777667e-08
1306,0.1306,1.0985227723496944e-08
1307,0.1307,1.1074403978598e-08
1308,0.1308,1.1637405907950414e-09
1309,0.13090000000000002,1.174072764564476e-09
1310,0.131,1.1844900455522518e-09
1311,0.1311,1.1949930797006033e-09
1312,0.1312,1.2055825206197797e-09
1313,0.1313,1.2162590404541763e-09
1314,0.13140000000000002,1.2270232725930198e-09
1315,0.1315,1.2378758937355451e-09
1316,0.1316,1.2488176038681094e-09
1317,0.1317,1.2598490440031834e-09
1318,0.1318,1.2709709156713957e-09
1319,0.13190000000000002,1.2821838831169226e-09
1320,0.132,1.2934886774818674e-09
1321,0.1321,1.3048859848512589e-09
1322,0.1322,1.316376474148016e-09
1323,0.1323,1.3279608797808973e-09
1324,0.13240000000000002,1.3396399191050857e-09
1325,0.1325,1.3514142876621337e-09
1326,0.1326,1.3632847263550946e-09
1327,0.1327,1.3752519527338962e-09
1328,0.1328,1.3873166953668107e-09
1329,0.13290000000000002,1.399479698579274e-09
1330,0.133,1.4117416864202307e-09
1331,0.1331,1.424103434807304e-09
1332,0.1332,1.4365656742919638e-09
1333,0.1333,1.4491291559287416e-09
1334,0.13340000000000002,1.4617946843938698e-09
1335,0.1335,1.4745629717154213e-09
1336,0.1336,1.4874348449602352e-09
1337,0.1337,1.5004110431937926e-09
1338,0.1338,1.5134923781434884e-09
1339,0.13390000000000002,1.5266796349488861e-09
1340,0.134,1.5399735815402573e-09
1341,0.1341,1.5533750587398323e-09
1342,0.1342,1.5668848332947333e-09
1343,0.1343,1.5805037496890322e-09
1344,0.13440000000000002,1.5942326289545902e-09
1345,0.1345,1.6080722701633628e-09
1346,0.1346,1.6220234995627093e-09
1347,0.13470000000000001,1.6360871865602033e-09
1348,0.1348,1.6502641421027002e-09
1349,0.13490000000000002,1.6645552409902305e-09
1350,0.135,1.6789612899216721e-09
1351,0.1351,1.693483196174039e-09
1352,0.13520000000000001,1.7081217957144348e-09
1353,0.1353,1.7228779742339827e-09
1354,0.13540000000000002,1.7377526194057367e-09
1355,0.1355,1.7527465729302404e-09
1356,0.1356,1.76786075033315e-09
1357,0.13570000000000002,1.7830960451802247e-09
1358,0.1358,1.79845337704946e-09
1359,0.1359,1.8139336194755633e-09
1360,0.136,1.829537696035789e-09
1361,0.1361,1.8452665323601047e-09
1362,0.13620000000000002,1.8611210561311959e-09
1363,0.1363,1.8771021970844654e-09
1364,0.1364,1.893210911144513e-09
1365,0.1365,1.909448108051089e-09
1366,0.1366,1.9258147720414937e-09
1367,0.13670000000000002,1.942311865357744e-09
1368,0.1368,1.9589403281580978e-09
1369,0.1369,1.975701149488453e-09
1370,0.137,1.992595278563677e-09
1371,0.1371,2.0096237523854126e-09
1372,0.13720000000000002,2.0267875244898598e-09
1373,0.1373,2.044087616888452e-09
1374,0.1374,2.0615250311604376e-09
1375,0.1375,2.0791007451261487e-09
1376,0.1376,2.0968158426130332e-09
1377,0.13770000000000002,2.1146713010322032e-09
1378,0.1378,2.1326681600471418e-09
1379,0.1379,2.1508074778685064e-09
1380,0.138,2.1690902971256637e-09
1381,0.1381,2.1875176822723383e-09
1382,0.13820000000000002,2.2060906756383973e-09
1383,0.1383,2.2248103511813008e-09
1384,0.1384,2.2436777803057316e-09
1385,0.1385,2.2626940857636946e-09
1386,0.1386,2.2818603241077078e-09
1387,0.13870000000000002,2.301177622886552e-09
1388,0.1388,2.320647038438196e-09
1389,0.1389,2.340269730953637e-09
1390,0.139,2.3600468139836766e-09
1391,0.1391,2.3799794231818902e-09
1392,0.13920000000000002,2.4000686786064222e-09
1393,0.1393,2.4203157208079116e-09
1394,0.1394,2.440721748717658e-09
1395,0.1395,2.4612878585725454e-09
1396,0.1396,2.482015277390138e-09
1397,0.13970000000000002,2.5029051343527377e-09
1398,0.1398,2.5239586369129042e-09
1399,0.1399,2.545176990195758e-09
1400,0.14,2.5665613821171723e-09
1401,0.1401,2.5881130262844347e-09
1402,0.14020000000000002,2.609833138923842e-09
1403,0.1403,2.6317229405358107e-09
1404,0.1404,2.6537836741199297e-09
1405,0.1405,2.676016565466549e-09
1406,0.1406,2.698422891090494e-09
1407,0.14070000000000002,2.7210039053697823e-09
1408,0.1408,2.7437608404571406e-09
1409,0.1409,2.766695030855448e-09
1410,0.14100000000000001,2.789807714167817e-09
1411,0.1411,2.8131002055209047e-09
1412,0.14120000000000002,2.8365738228727366e-09
1413,0.1413,2.860229837005576e-09
1414,0.1414,2.884069596455282e-09
1415,0.14150000000000001,2.908094425951645e-09
1416,0.1416,2.932305683119096e-09
1417,0.14170000000000002,2.956704671658471e-09
1418,0.1418,2.98129277998911e-09
1419,0.1419,3.0060713944907854e-09
1420,0.14200000000000002,3.031041829129189e-09
1421,0.1421,3.0562055062354446e-09
1422,0.1422,3.0815638209984536e-09
1423,0.1423,3.1071181732540498e-09
1424,0.1424,3.1328699641311344e-09
1425,0.14250000000000002,3.1588206532018593e-09
1426,0.1426,3.184971593816683e-09
1427,0.1427,3.211324305435083e-09
1428,0.1428,3.237880224876893e-09
1429,0.1429,3.2646407683953287e-09
1430,0.14300000000000002,3.2916074598033467e-09
1431,0.1431,3.3187817485203035e-09
1432,0.1432,3.346165137688875e-09
1433,0.1433,3.3737591099700694e-09
1434,0.1434,3.4015651951277825e-09
1435,0.14350000000000002,3.429584910932134e-09
1436,0.1436,3.457819771576565e-09
1437,0.1437,3.4862713486820827e-09
1438,0.1438,3.514941159523792e-09
1439,0.1439,3.5438307856607397e-09
1440,0.14400000000000002,3.5729418051979935e-09
1441,0.1441,3.6022758012627313e-09
1442,0.1442,3.6318343330911693e-09
1443,0.1443,3.661619044881123e-09
1444,0.1444,3.691631526390137e-09
1445,0.14450000000000002,3.7218734303561607e-09
1446,0.1446,3.752346349883868e-09
1447,0.1447,3.783051994048942e-09
1448,0.1448,3.813991969638481e-09
1449,0.1449,3.845167965397708e-09
1450,0.14500000000000002,3.876581644536408e-09
1451,0.1451,3.9082347250801365e-09
1452,0.1452,3.940128908104818e-09
1453,0.1453,3.972265889664618e-09
1454,0.1454,4.004647407074811e-09
1455,0.14550000000000002,4.037275187547986e-09
1456,0.1456,4.0701509996758225e-09
1457,0.1457,4.103276583087569e-09
1458,0.1458,4.136653734337562e-09
1459,0.1459,4.170284202096623e-09
1460,0.14600000000000002,4.20416984198671e-09
1461,0.1461,4.238312382534631e-09
1462,0.1462,4.272713716199858e-09
1463,0.1463,4.30737563068419e-09
1464,0.1464,4.342299996810794e-09
1465,0.14650000000000002,4.377488633992053e-09
1466,0.1466,4.412943453583464e-09
1467,0.1467,4.448666334580607e-09
1468,0.1468,4.484659135617796e-09
1469,0.1469,4.5209237746020605e-09
1470,0.14700000000000002,4.55746219768724e-09
1471,0.1471,4.594276329032041e-09
1472,0.1472,4.6313680707115645e-09
1473,0.14730000000000001,4.668739432955403e-09
1474,0.1474,4.706392376264629e-09
1475,0.14750000000000002,4.744328846029882e-09
1476,0.1476,4.782550883905005e-09
1477,0.1477,4.821060469560674e-09
1478,0.14780000000000001,4.859859656459993e-09
1479,0.1479,4.898950456939872e-09
1480,0.14800000000000002,4.938334932846856e-09
1481,0.1481,4.9780151292997165e-09
1482,0.1482,5.0179931480474916e-09
1483,0.14830000000000002,5.058271063671179e-09
1484,0.1484,5.0988509865014765e-09
1485,0.14850000000000002,5.139735027688088e-09
1486,0.1486,5.180925334248401e-09
1487,0.1487,5.2224240260223335e-09
1488,0.14880000000000002,5.26423330791071e-09
1489,0.1489,5.3063553366477875e-09
1490,0.149,5.3487922715988476e-09
1491,0.1491,5.391546360941528e-09
1492,0.1492,5.4346197712189975e-09
1493,0.14930000000000002,5.47801478431456e-09
1494,0.1494,5.52173363215183e-09
1495,0.1495,5.565778579403045e-09
1496,0.1496,5.610151890051847e-09
1497,0.1497,5.6548558626955966e-09
1498,0.14980000000000002,5.699892830645672e-09
1499,0.1499,5.745265071841345e-09
1500,0.15,5.790974928977983e-09
1501,0.1501,5.837024795541847e-09
1502,0.1502,5.883416997246163e-09
1503,0.15030000000000002,5.93015396377801e-09
1504,0.1504,5.977238055251227e-09
1505,0.1505,6.024671689790299e-09
1506,0.1506,6.072457309951547e-09
1507,0.1507,6.1205973472320615e-09
1508,0.15080000000000002,6.169094309186543e-09
1509,0.1509,6.217950635470466e-09
1510,0.151,6.267168818729191e-09
1511,0.1511,6.316751383367038e-09
1512,0.1512,6.366700862447697e-09
1513,0.15130000000000002,6.4170197923514035e-09
1514,0.1514,6.467710768136799e-09
1515,0.1515,6.518776309675168e-09
1516,0.1516,6.5702190491687e-09
1517,0.1517,6.622041566861581e-09
1518,0.15180000000000002,6.674246539485643e-09
1519,0.1519,6.726836582869099e-09
1520,0.152,6.779814379030911e-09
1521,0.1521,6.833182588459919e-09
1522,0.1522,6.886943896709215e-09
1523,0.15230000000000002,6.941101086328027e-09
1524,0.1524,6.995656801643646e-09
1525,0.1525,7.05061386132145e-09
1526,0.1526,7.105975028492034e-09
1527,0.1527,7.161743051982701e-09
1528,0.15280000000000002,7.217920758183827e-09
1529,0.1529,7.274510991760956e-09
1530,0.153,7.331516561548126e-09
1531,0.1531,7.388940346972832e-09
1532,0.1532,7.446785231398572e-09
1533,0.15330000000000002,7.505054125629105e-09
1534,0.1534,7.563749897402807e-09
1535,0.1535,7.622875528775756e-09
1536,0.15360000000000001,7.682433946146608e-09
1537,0.1537,7.742428145166227e-09
1538,0.15380000000000002,7.802861123812423e-09
1539,0.1539,7.86373586059156e-09
1540,0.154,7.925055414376135e-09
1541,0.15410000000000001,7.986822862837715e-09
1542,0.1542,8.04904122062917e-09
1543,0.15430000000000002,8.111713630288836e-09
1544,0.1544,8.174843149526179e-09
1545,0.1545,8.238432984223373e-09
1546,0.15460000000000002,8.302486235385997e-09
1547,0.1547,8.367006063032175e-09
1548,0.15480000000000002,8.431995721060848e-09
1549,0.1549,8.497458352871953e-09
1550,0.155,8.563397252468365e-09
1551,0.15510000000000002,8.629815658164973e-09
1552,0.1552,8.696716818300052e-09
1553,0.1553,8.764104071858038e-09
1554,0.1554,8.831980735079573e-09
1555,0.1555,8.90035010503597e-09
1556,0.15560000000000002,8.969215588039099e-09
1557,0.1557,9.03858058058062e-09
1558,0.1558,9.10844842332977e-09
1559,0.1559,9.178822628986851e-09
1560,0.156,9.249706581000774e-09
1561,0.15610000000000002,9.321103755954688e-09
1562,0.1562,9.39301771462979e-09
1563,0.1563,9.46545188652094e-09
1564,0.1564,9.538409903347276e-09
1565,0.1565,9.611895241510024e-09
1566,0.15660000000000002,9.685911544869087e-09
1567,0.1567,9.76046240712339e-09
1568,0.1568,9.835551440069253e-09
1569,0.1569,9.911182332866007e-09
1570,0.157,9.987358759653968e-09
1571,0.15710000000000002,1.0064084403576643e-08
1572,0.1572,1.0141363006857625e-08
1573,0.1573,1.0219198296739298e-08
1574,0.1574,1.0297594113534174e-08
1575,0.1575,1.0376554165702229e-08
1576,0.15760000000000002,1.0456082365924011e-08
1577,0.1577,1.053618249871765e-08
1578,0.1578,1.0616858460149644e-08
1579,0.1579,1.0698114159439949e-08
1580,0.158,1.0779953509660055e-08
1581,0.15810000000000002,1.0862380437046723e-08
1582,0.1582,1.0945398979932547e-08
1583,0.1583,1.1029013048173942e-08
1584,0.1584,1.1113226757207074e-08
1585,0.1585,1.1198044088365989e-08
1586,0.15860000000000002,1.128346914289022e-08
1587,0.1587,1.1369506056158478e-08
1588,0.1588,1.4498013353148948e-09
1589,0.1589,1.4617658604521179e-09
1590,0.159,1.4738233868346664e-09
1591,0.15910000000000002,1.4859745967287364e-09
1592,0.1592,1.4982202300827034e-09
1593,0.1593,1.5105609193303265e-09
1594,0.15940000000000001,1.5229973846130309e-09
1595,0.1595,1.5355303362076966e-09
1596,0.15960000000000002,1.548160470725697e-09
1597,0.1597,1.560888504977096e-09
1598,0.1598,1.573715134556431e-09
1599,0.15990000000000001,1.586641141292478e-09
1600,0.16,1.5996671896631317e-09
1601,0.16010000000000002,1.6127940379565016e-09
1602,0.1602,1.6260224100491495e-09
1603,0.1603,1.6393530671537015e-09
1604,0.16040000000000001,1.6527867360264082e-09
1605,0.1605,1.6663241808044111e-09
1606,0.16060000000000002,1.6799661879611513e-09
1607,0.1607,1.6937134658958093e-09
1608,0.1608,1.707566807822645e-09
1609,0.16090000000000002,1.7215270123093897e-09
1610,0.161,1.7355948111155618e-09
1611,0.16110000000000002,1.7497710343220426e-09
1612,0.1612,1.7640564242690665e-09
1613,0.1613,1.7784518122432307e-09
1614,0.16140000000000002,1.7929579968914848e-09
1615,0.1615,1.8075757841241708e-09
1616,0.16160000000000002,1.822305952817875e-09
1617,0.1617,1.8371493634578708e-09
1618,0.1618,1.8521068285915572e-09
1619,0.16190000000000002,1.867179181432195e-09
1620,0.162,1.8823672415181077e-09
1621,0.1621,1.8976718452619594e-09
1622,0.1622,1.9130938402575627e-09
1623,0.1623,1.92863412551678e-09
1624,0.16240000000000002,1.9442934926099887e-09
1625,0.1625,1.9600728496185985e-09
1626,0.1626,1.975973043098466e-09
1627,0.1627,1.9919949557724532e-09
1628,0.1628,2.0081394701464043e-09
1629,0.16290000000000002,2.024407501172429e-09
1630,0.163,2.0407999001984644e-09
1631,0.1631,2.0573175913771224e-09
1632,0.1632,2.073961487172683e-09
1633,0.1633,2.0907324806140664e-09
1634,0.16340000000000002,2.1076314934203235e-09
1635,0.1635,2.1246594780120146e-09
1636,0.1636,2.141817332680807e-09
1637,0.1637,2.1591060095630553e-09
1638,0.1638,2.1765264664907126e-09
1639,0.16390000000000002,2.1940796399339413e-09
1640,0.164,2.211766485558885e-09
1641,0.1641,2.229587997639494e-09
1642,0.1642,2.2475451123169537e-09
1643,0.1643,2.2656387946372955e-09
1644,0.16440000000000002,2.283870077422218e-09
1645,0.1645,2.3022399547370856e-09
1646,0.1646,2.3207493720582038e-09
1647,0.1647,2.3393993621260445e-09
1648,0.1648,2.358190930501055e-09
1649,0.16490000000000002,2.377125111889194e-09
1650,0.165,2.3962029215622454e-09
1651,0.1651,2.4154254234613957e-09
1652,0.1652,2.4347936017147065e-09
1653,0.1653,2.4543085339420064e-09
1654,0.16540000000000002,2.473971264703524e-09
1655,0.1655,2.493782871774938e-09
1656,0.1656,2.5137444349846534e-09
1657,0.16570000000000001,2.5338570068925818e-09
1658,0.1658,2.554121642040582e-09
1659,0.16590000000000002,2.5745395124218204e-09
1660,0.166,2.5951116512931243e-09
1661,0.1661,2.6158391761295487e-09
1662,0.16620000000000001,2.6367232065249485e-09
1663,0.1663,2.657764870077452e-09
1664,0.16640000000000002,2.6789653200742214e-09
1665,0.1665,2.7003256550306054e-09
1666,0.1666,2.72184700302981e-09
1667,0.16670000000000001,2.743530557203298e-09
1668,0.1668,2.7653774854041845e-09
1669,0.16690000000000002,2.7873889163423235e-09
1670,0.167,2.8095660832766164e-09
1671,0.1671,2.8319100936838114e-09
1672,0.16720000000000002,2.8544222109345965e-09
1673,0.1673,2.877103582393608e-09
1674,0.16740000000000002,2.8999554424702793e-09
1675,0.1675,2.922978998265449e-09
1676,0.1676,2.946175522409545e-09
1677,0.16770000000000002,2.969546171243818e-09
1678,0.1678,2.993092247742896e-09
1679,0.16790000000000002,3.016814968222541e-09
1680,0.168,3.0407156146791112e-09
1681,0.1681,3.0647954397913623e-09
1682,0.16820000000000002,3.089055730321793e-09
1683,0.1683,3.113497769488022e-09
1684,0.16840000000000002,3.138122850851303e-09
1685,0.1685,3.16293226243787e-09
1686,0.1686,3.1879273603068753e-09
1687,0.16870000000000002,3.2131094115239934e-09
1688,0.1688,3.238479775100164e-09
1689,0.1689,3.2640397846995775e-09
1690,0.169,3.2897907704875655e-09
1691,0.1691,3.315734128932949e-09
1692,0.16920000000000002,3.3418712052305456e-09
1693,0.1693,3.36820336304453e-09
1694,0.1694,3.3947320125331968e-09
1695,0.1695,3.421458530495634e-09
1696,0.1696,3.4483843202882586e-09
1697,0.16970000000000002,3.475510799883987e-09
1698,0.1698,3.5028393818764534e-09
1699,0.1699,3.5303715436067994e-09
1700,0.17,3.558108674930341e-09
1701,0.1701,3.5860522585501556e-09
1702,0.17020000000000002,3.614203747804561e-09
1703,0.1703,3.642564604744019e-09
1704,0.1704,3.6711363182405955e-09
1705,0.1705,3.6999204100928628e-09
1706,0.1706,3.728918320398782e-09
1707,0.17070000000000002,3.758131636873655e-09
1708,0.1708,3.787561831321105e-09
1709,0.1709,3.817210434685209e-09
1710,0.171,3.847079023094743e-09
1711,0.1711,3.877169131193572e-09
1712,0.17120000000000002,3.907482306540974e-09
1713,0.1713,3.938020184411183e-09
1714,0.1714,3.968784279775952e-09
1715,0.1715,3.999776243887561e-09
1716,0.1716,4.03099762781899e-09
1717,0.17170000000000002,4.062450106997069e-09
1718,0.1718,4.094135311312669e-09
1719,0.1719,4.1260548290349206e-09
1720,0.17200000000000001,4.158210350745447e-09
1721,0.1721,4.190603537661134e-09
1722,0.17220000000000002,4.223236023571189e-09
1723,0.1723,4.256109567194381e-09
1724,0.1724,4.28922580847824e-09
1725,0.17250000000000001,4.322586481916892e-09
1726,0.1726,4.356193294647573e-09
1727,0.17270000000000002,4.39004798544468e-09
1728,0.1728,4.424152302378754e-09
1729,0.1729,4.4585079905960664e-09
1730,0.17300000000000001,4.493116798423511e-09
1731,0.1731,4.527980544756181e-09
1732,0.17320000000000002,4.56310101504744e-09
1733,0.1733,4.598479998002067e-09
1734,0.1734,4.634119289667438e-09
1735,0.17350000000000002,4.6700207507547814e-09
1736,0.1736,4.7061862412818595e-09
1737,0.17370000000000002,4.742617532448774e-09
1738,0.1738,4.779316587264375e-09
1739,0.1739,4.816285218490911e-09
1740,0.17400000000000002,4.8535253283634285e-09
1741,0.1741,4.891038828737577e-09
1742,0.17420000000000002,4.928827632887211e-09
1743,0.1743,4.966893688397751e-09
1744,0.1744,5.005238884672405e-09
1745,0.17450000000000002,5.043865238025927e-09
1746,0.1746,5.082774675765486e-09
1747,0.17470000000000002,5.121969221408312e-09
1748,0.1748,5.16145080729578e-09
1749,0.1749,5.2012214992198694e-09
1750,0.17500000000000002,5.241283267639471e-09
1751,0.1751,5.2816382104865915e-09
1752,0.1752,5.322288342704454e-09
1753,0.1753,5.363235705603843e-09
1754,0.1754,5.404482412449967e-09
1755,0.17550000000000002,5.446030518224393e-09
1756,0.1756,5.487882168599001e-09
1757,0.1757,5.530039488256842e-09
1758,0.1758,5.572504572525753e-09
1759,0.1759,5.6152795495363685e-09
1760,0.17600000000000002,5.658366652973805e-09
1761,0.1761,5.701768014622754e-09
1762,0.1762,5.745485838670659e-09
1763,0.1763,5.789522337428614e-09
1764,0.1764,5.833879689723585e-09
1765,0.17650000000000002,5.878560205282753e-09
1766,0.1766,5.923566070926083e-09
1767,0.1767,5.968899577418961e-09
1768,0.1768,6.014563009213349e-09
1769,0.1769,6.060558669460832e-09
1770,0.17700000000000002,6.106888850821118e-09
1771,0.1771,6.153555858402339e-09
1772,0.1772,6.200562126847989e-09
1773,0.1773,6.24790992995896e-09
1774,0.1774,6.295601683680074e-09
1775,0.17750000000000002,6.343639737093828e-09
1776,0.1776,6.3920265712576985e-09
1777,0.1777,6.440764512368802e-09
1778,0.1778,6.4898560857922235e-09
1779,0.1779,6.5393037206964865e-09
1780,0.17800000000000002,6.589109882061236e-09
1781,0.1781,6.639277043452282e-09
1782,0.1782,6.689807743793173e-09
1783,0.17830000000000001,6.740704494986956e-09
1784,0.1784,6.791969813396277e-09
1785,0.17850000000000002,6.8436062830159994e-09
1786,0.1786,6.895616460838178e-09
1787,0.1787,6.948002971628658e-09
1788,0.17880000000000001,7.000768379437202e-09
1789,0.1789,7.053915322484848e-09
1790,0.17900000000000002,7.107446466902235e-09
1791,0.1791,7.161364460312194e-09
1792,0.1792,7.215671978273115e-09
1793,0.17930000000000001,7.270371707422317e-09
1794,0.1794,7.325466398403006e-09
1795,0.17950000000000002,7.380958751681727e-09
1796,0.1796,7.436851521212776e-09
1797,0.1797,7.49314751245397e-09
1798,0.17980000000000002,7.5498494637154e-09
1799,0.1799,7.606960211495889e-09
1800,0.18000000000000002,7.66448257819975e-09
1801,0.1801,7.722419440071805e-09
1802,0.1802,7.780773593407132e-09
1803,0.18030000000000002,7.839547956379022e-09
1804,0.1804,7.89874546508316e-09
1805,0.18050000000000002,7.958368986269767e-09
1806,0.1806,8.018421464143562e-09
1807,0.1807,8.078905935486267e-09
1808,0.18080000000000002,8.139825288882222e-09
1809,0.1809,8.201182578001504e-09
1810,0.18100000000000002,8.262980823464414e-09
1811,0.1811,8.325223025553851e-09
1812,0.1812,8.387912283850482e-09
1813,0.18130000000000002,8.451051701246936e-09
1814,0.1814,8.51464432616282e-09
1815,0.18150000000000002,8.578693308683191e-09
1816,0.1816,8.643201795850066e-09
1817,0.1817,8.708172955217386e-09
1818,0.18180000000000002,8.773609977037006e-09
1819,0.1819,8.839516033534453e-09
1820,0.182,8.905894426990112e-09
1821,0.1821,8.972748308664015e-09
1822,0.1822,9.040081058809689e-09
1823,0.18230000000000002,9.107895904483785e-09
1824,0.1824,9.176196168714109e-09
1825,0.1825,9.244985184629655e-09
1826,0.1826,9.3142663600961e-09
1827,0.1827,9.38404303565459e-09
1828,0.18280000000000002,9.454318630962e-09
1829,0.1829,9.525096563000329e-09
1830,0.183,9.596380323771435e-09
1831,0.1831,9.668173320644183e-09
1832,0.1832,9.740479113838871e-09
1833,0.18330000000000002,9.813301217889286e-09
1834,0.1834,9.886643149099477e-09
1835,0.1835,9.96050846233256e-09
1836,0.1836,1.0034900816076824e-08
1837,0.1837,1.0109823775505055e-08
1838,0.18380000000000002,1.0185280983497335e-08
1839,0.1839,1.0261276113107577e-08
1840,0.184,1.0337812850263317e-08
1841,0.1841,1.0414894950250718e-08
1842,0.1842,1.0492526077083713e-08
1843,0.18430000000000002,1.0570710061965846e-08
1844,0.1844,1.0649450651385195e-08
1845,0.1845,1.0728751652694709e-08
1846,0.18460000000000001,1.0808616958214574e-08
1847,0.1847,1.0889050392921738e-08
1848,0.18480000000000002,1.0970055853774326e-08
1849,0.1849,1.1051637248813409e-08
1850,0.185,1.1133798553918173e-08
1851,0.18510000000000001,1.121654369287217e-08
1852,0.1852,1.129987671854218e-08
1853,0.18530000000000002,1.1383801598982868e-08
1854,0.1854,1.146832240528447e-08
1855,0.1855,1.1553443182720536e-08
1856,0.18560000000000001,1.163916811487315e-08
1857,0.1857,1.1725501258912678e-08
1858,0.18580000000000002,1.7490593564658191e-09
1859,0.1859,1.7629729653545127e-09
1860,0.186,1.7769925255331107e-09
1861,0.18610000000000002,1.7911188747394976e-09
1862,0.1862,1.80535272039824e-09
1863,0.18630000000000002,1.8196949095916146e-09
1864,0.1864,1.8341462161337028e-09
1865,0.1865,1.848707423974519e-09
1866,0.18660000000000002,1.8633793756522704e-09
1867,0.1867,1.8781628909548612e-09
1868,0.18680000000000002,1.8930587161707797e-09
1869,0.1869,1.90806773996306e-09
1870,0.187,1.923190744466342e-09
1871,0.18710000000000002,1.938428588195553e-09
1872,0.1872,1.9537821223279826e-09
1873,0.18730000000000002,1.96925220835617e-09
1874,0.1874,1.984839634103365e-09
1875,0.1875,2.0005453302911537e-09
1876,0.18760000000000002,2.016370120836678e-09
1877,0.1877,2.032314870920342e-09
1878,0.18780000000000002,2.0483804804456042e-09
1879,0.1879,2.064567810978374e-09
1880,0.188,2.0808777677001274e-09
1881,0.18810000000000002,2.0973112484830182e-09
1882,0.1882,2.1138691594075268e-09
1883,0.1883,2.13055240811609e-09
1884,0.1884,2.147361863807418e-09
1885,0.1885,2.1642985394751413e-09
1886,0.18860000000000002,2.1813632741250503e-09
1887,0.1887,2.1985570484119966e-09
1888,0.1888,2.2158808090582517e-09
1889,0.1889,2.2333354709875626e-09
1890,0.189,2.2509220532432397e-09
1891,0.18910000000000002,2.2686414361027823e-09
1892,0.1892,2.286494608455515e-09
1893,0.1893,2.304482594391609e-09
1894,0.1894,2.322606343808164e-09
1895,0.1895,2.3408668573974595e-09
1896,0.18960000000000002,2.359265088362187e-09
1897,0.1897,2.3778021034125903e-09
1898,0.1898,2.396478861395105e-09
1899,0.1899,2.415296430305943e-09
1900,0.19,2.434255776881416e-09
1901,0.19010000000000002,2.4533579704025257e-09
1902,0.1902,2.4726040483340644e-09
1903,0.1903,2.4919950499104153e-09
1904,0.1904,2.5115320520736613e-09
1905,0.1905,2.5312160909120618e-09
1906,0.19060000000000002,2.551048220008751e-09
1907,0.1907,2.571029546477761e-09
1908,0.1908,2.591161154570773e-09
1909,0.19090000000000001,2.611444128132533e-09
1910,0.191,2.631879586646315e-09
1911,0.19110000000000002,2.6524685838748663e-09
1912,0.1912,2.6732123106846916e-09
1913,0.1913,2.6941118245900804e-09
1914,0.19140000000000001,2.7151682864817174e-09
1915,0.1915,2.7363828592322324e-09
1916,0.19160000000000002,2.7577566398875586e-09
1917,0.1917,2.7792908291000676e-09
1918,0.1918,2.8009865594327884e-09
1919,0.19190000000000002,2.822845008367917e-09
1920,0.192,2.844867375768821e-09
1921,0.19210000000000002,2.8670548386093907e-09
1922,0.1922,2.889408607593319e-09
1923,0.1923,2.9119298591802968e-09
1924,0.19240000000000002,2.9346198126623157e-09
1925,0.1925,2.957479716644409e-09
1926,0.19260000000000002,2.980510790041221e-09
1927,0.1927,3.0037142879191085e-09
1928,0.1928,3.0270914310768354e-09
1929,0.19290000000000002,3.050643485598053e-09
1930,0.193,3.074371737918529e-09
1931,0.19310000000000002,3.0982774242558325e-09
1932,0.1932,3.1223618740609785e-09
1933,0.1933,3.1466263597517104e-09
1934,0.19340000000000002,3.1710721832570142e-09
1935,0.1935,3.1957006486954694e-09
1936,0.19360000000000002,3.2205131034851363e-09
1937,0.1937,3.245510888178357e-09
1938,0.1938,3.2706952861408478e-09
1939,0.19390000000000002,3.296067678943002e-09
1940,0.194,3.321629450486378e-09
1941,0.19410000000000002,3.3473819595263267e-09
1942,0.1942,3.373326557928895e-09
1943,0.1943,3.3994646410743233e-09
1944,0.19440000000000002,3.42579760668346e-09
1945,0.1945,3.4523268823517584e-09
1946,0.19460000000000002,3.479053907254624e-09
1947,0.1947,3.5059800448903572e-09
1948,0.1948,3.533106771318802e-09
1949,0.19490000000000002,3.560435530593701e-09
1950,0.195,3.587967796784973e-09
1951,0.1951,3.6157050211131993e-09
1952,0.1952,3.643648682545416e-09
1953,0.1953,3.671800269428497e-09
1954,0.19540000000000002,3.700161304863146e-09
1955,0.1955,3.728733247615695e-09
1956,0.1956,3.757517690390061e-09
1957,0.1957,3.786516131606965e-09
1958,0.1958,3.815730104507025e-09
1959,0.19590000000000002,3.845161144879112e-09
1960,0.196,3.874810860426224e-09
1961,0.1961,3.904680829153927e-09
1962,0.1962,3.934772587714998e-09
1963,0.1963,3.965087793398794e-09
1964,0.19640000000000002,3.9956280274943466e-09
1965,0.1965,4.026394910994519e-09
1966,0.1966,4.057390102371118e-09
1967,0.1967,4.088615190922498e-09
1968,0.1968,4.120071879999749e-09
1969,0.19690000000000002,4.151761833984167e-09
1970,0.197,4.183686687477041e-09
1971,0.1971,4.2158481824022725e-09
1972,0.19720000000000001,4.248247993795378e-09
1973,0.1973,4.280887869278459e-09
1974,0.19740000000000002,4.31376948718575e-09
1975,0.1975,4.346894640442179e-09
1976,0.1976,4.3802650456986735e-09
1977,0.19770000000000001,4.4138824667409035e-09
1978,0.1978,4.447748660932454e-09
1979,0.19790000000000002,4.481865502925583e-09
1980,0.198,4.516234685969117e-09
1981,0.1981,4.550858090683703e-09
1982,0.19820000000000002,4.585737521316896e-09
1983,0.1983,4.620874827187732e-09
1984,0.19840000000000002,4.656271858323233e-09
1985,0.1985,4.691930505261219e-09
1986,0.1986,4.727852584344133e-09
1987,0.19870000000000002,4.764040027392298e-09
1988,0.1988,4.800494767070871e-09
1989,0.19890000000000002,4.837218668838139e-09
1990,0.199,4.874213709185195e-09
1991,0.1991,4.911481788005909e-09
1992,0.19920000000000002,4.949024928141862e-09
1993,0.1993,4.986845042921643e-09
1994,0.19940000000000002,5.024944147585287e-09
1995,0.1995,5.063324274806518e-09
1996,0.1996,5.1019873805415225e-09
1997,0.19970000000000002,5.140935496958344e-09
1998,0.1998,5.180170730262723e-09
1999,0.19990000000000002,5.219695081651486e-09
2000,0.2,5.2595106688233576e-09
2001,0.2001,5.299619532695833e-09
2002,0.20020000000000002,5.340023830867633e-09
2003,0.2003,5.380725618149927e-09
2004,0.20040000000000002,5.421727051977909e-09
2005,0.2005,5.463030302777775e-09
2006,0.2006,5.504637535058617e-09
2007,0.20070000000000002,5.5465508908153355e-09
2008,0.2008,5.588772577110178e-09
2009,0.20090000000000002,5.6313048117160725e-09
2010,0.201,5.674149778081849e-09
2011,0.2011,5.717309805537374e-09
2012,0.20120000000000002,5.7607870492193584e-09
2013,0.2013,5.804583845837153e-09
2014,0.20140000000000002,5.848702464645546e-09
2015,0.2015,5.893145211859356e-09
2016,0.2016,5.937914404575155e-09
2017,0.20170000000000002,5.983012356512325e-09
2018,0.2018,6.028441458936439e-09
2019,0.2019,6.0742040355523485e-09
2020,0.202,6.120302518667697e-09
2021,0.2021,6.166739315939558e-09
2022,0.20220000000000002,6.213516793606279e-09
2023,0.2023,6.2606374028608984e-09
2024,0.2024,6.308103660950108e-09
2025,0.2025,6.355917953050757e-09
2026,0.2026,6.404082806790267e-09
2027,0.20270000000000002,6.452600727593373e-09
2028,0.2028,6.501474210579324e-09
2029,0.2029,6.550705872174336e-09
2030,0.203,6.600298184580409e-09
2031,0.2031,6.650253774904168e-09
2032,0.20320000000000002,6.700575231360461e-09
2033,0.2033,6.751265148734174e-09
2034,0.2034,6.8023261595795944e-09
2035,0.20350000000000001,6.8537609439056885e-09
2036,0.2036,6.905572176441465e-09
2037,0.20370000000000002,6.957762509791151e-09
2038,0.2038,7.010334627262021e-09
2039,0.2039,7.063291331928887e-09
2040,0.20400000000000001,7.116635320699267e-09
2041,0.2041,7.170369330915037e-09
2042,0.20420000000000002,7.224496212708927e-09
2043,0.2043,7.27901874851146e-09
2044,0.2044,7.33393972521279e-09
2045,0.20450000000000002,7.38926200412442e-09
2046,0.2046,7.444988458395301e-09
2047,0.20470000000000002,7.50112195612571e-09
2048,0.2048,7.557665452152106e-09
2049,0.2049,7.614621790037979e-09
2050,0.20500000000000002,7.67199396055646e-09
2051,0.2051,7.72978493508932e-09
2052,0.20520000000000002,7.787997680092368e-09
2053,0.2053,7.846635205510069e-09
2054,0.2054,7.905700564869952e-09
2055,0.20550000000000002,7.965196734163453e-09
2056,0.2056,8.025126854190387e-09
2057,0.20570000000000002,8.085494022258101e-09
2058,0.2058,8.146301311485973e-09
2059,0.2059,8.207551872752198e-09
2060,0.20600000000000002,8.269248854675165e-09
2061,0.2061,8.331395454654095e-09
2062,0.20620000000000002,8.393994872757183e-09
2063,0.2063,8.457050314149405e-09
2064,0.2064,8.520565059704296e-09
2065,0.20650000000000002,8.584542366296215e-09
2066,0.2066,8.64898552522353e-09
2067,0.20670000000000002,8.71389783301826e-09
2068,0.2068,8.779282669513525e-09
2069,0.2069,8.845143346703518e-09
2070,0.20700000000000002,8.911483321017648e-09
2071,0.2071,8.978305951785281e-09
2072,0.20720000000000002,9.045614672090835e-09
2073,0.2073,9.113412964483878e-09
2074,0.2074,9.18170430970493e-09
2075,0.20750000000000002,9.25049219401137e-09
2076,0.2076,9.319780189995905e-09
2077,0.20770000000000002,9.389571826919358e-09
2078,0.2078,9.45987069355166e-09
2079,0.2079,9.530680364724119e-09
2080,0.20800000000000002,9.602004550961842e-09
2081,0.2081,9.673846838572319e-09
2082,0.2082,9.746210910383937e-09
2083,0.2083,9.819100553336143e-09
2084,0.2084,9.892519420242534e-09
2085,0.20850000000000002,9.966471314775545e-09
2086,0.2086,1.0040960009712107e-08
2087,0.2087,1.0115989357636206e-08
2088,0.2088,1.0191563140860501e-08
2089,0.2089,1.0267685300431006e-08
2090,0.20900000000000002,1.0344359672677709e-08
2091,0.2091,1.0421590166554518e-08
2092,0.2092,1.0499380815624912e-08
2093,0.2093,1.0577735506743936e-08
2094,0.2094,1.0656658325531834e-08
2095,0.20950000000000002,1.0736153282502012e-08
2096,0.2096,1.0816224431553145e-08
2097,0.2097,1.0896875837897986e-08
2098,0.20980000000000001,1.09781116820252e-08
2099,0.2099,1.1059936074245401e-08
2100,0.21000000000000002,1.1142353175898951e-08
2101,0.2101,1.1225367256468536e-08
2102,0.2102,1.130898252767984e-08
2103,0.21030000000000001,1.1393203232660573e-08
2104,0.2104,1.1478033673302294e-08
2105,0.21050000000000002,1.1563478220317372e-08
2106,0.2106,1.1649541186680087e-08
2107,0.2107,1.173622699400969e-08
2108,0.21080000000000002,1.1823540003710017e-08
2109,0.2109,1.1911484768095964e-08
2110,0.21100000000000002,1.2000065657456403e-08
2111,0.2111,2.0337984431775463e-09
2112,0.2112,2.0498874603352316e-09
2113,0.21130000000000002,2.066100239963474e-09
2114,0.2114,2.0824376880975627e-09
2115,0.21150000000000002,2.0989007496188593e-09
2116,0.2116,2.1154904008545986e-09
2117,0.2117,2.1322075547472752e-09
2118,0.21180000000000002,2.1490531531489226e-09
2119,0.2119,2.166028261877054e-09
2120,0.21200000000000002,2.18313371336865e-09
2121,0.2121,2.2003706115547554e-09
2122,0.2122,2.217739911942489e-09
2123,0.21230000000000002,2.235242566521175e-09
2124,0.2124,2.252879603931766e-09
2125,0.21250000000000002,2.2706520594522003e-09
2126,0.2126,2.28856092986479e-09
2127,0.2127,2.3066072160182886e-09
2128,0.21280000000000002,2.3247920257594503e-09
2129,0.2129,2.3431163280477173e-09
2130,0.21300000000000002,2.361581196360828e-09
2131,0.2131,2.380187713407646e-09
2132,0.2132,2.3989368881475356e-09
2133,0.21330000000000002,2.4178298770460917e-09
2134,0.2134,2.4368676495950394e-09
2135,0.21350000000000002,2.456051370703123e-09
2136,0.2136,2.4753821668070606e-09
2137,0.2137,2.4948610551891887e-09
2138,0.21380000000000002,2.5144891984580136e-09
2139,0.2139,2.534267730772669e-09
2140,0.21400000000000002,2.5541977123304487e-09
2141,0.2141,2.574280386813099e-09
2142,0.2142,2.5945168179382215e-09
2143,0.21430000000000002,2.614908184819658e-09
2144,0.2144,2.635455658299316e-09
2145,0.21450000000000002,2.656160426227946e-09
2146,0.2146,2.6770236327417317e-09
2147,0.2147,2.698046494664755e-09
2148,0.21480000000000002,2.719230200315107e-09
2149,0.2149,2.7405759753481595e-09
2150,0.215,2.7620850092854163e-09
2151,0.2151,2.7837585340890067e-09
2152,0.2152,2.805597776020857e-09
2153,0.21530000000000002,2.82760400896237e-09
2154,0.2154,2.8497784681247423e-09
2155,0.2155,2.8721224287638527e-09
2156,0.2156,2.894637129966322e-09
2157,0.2157,2.9173238890677457e-09
2158,0.21580000000000002,2.940183989815631e-09
2159,0.2159,2.963218710303295e-09
2160,0.216,2.9864293764629634e-09
2161,0.21610000000000001,3.0098173111856915e-09
2162,0.2162,3.0333838496125235e-09
2163,0.21630000000000002,3.057130313641367e-09
2164,0.2164,3.081058075712895e-09
2165,0.2165,3.105168469531522e-09
2166,0.21660000000000001,3.1294628666273586e-09
2167,0.2167,3.1539426508748837e-09
2168,0.21680000000000002,3.1786092313043957e-09
2169,0.2169,3.2034640268025958e-09
2170,0.217,3.2285083483735122e-09
2171,0.21710000000000002,3.253743731829111e-09
2172,0.2172,3.279171561645937e-09
2173,0.21730000000000002,3.3047932731252666e-09
2174,0.2174,3.3306103268586823e-09
2175,0.2175,3.3566241933861947e-09
2176,0.21760000000000002,3.382836350646934e-09
2177,0.2177,3.4092482326271833e-09
2178,0.21780000000000002,3.4358614296648853e-09
2179,0.2179,3.4626773494913078e-09
2180,0.218,3.4896976257109495e-09
2181,0.21810000000000002,3.5169236654831243e-09
2182,0.2182,3.544357107184383e-09
2183,0.21830000000000002,3.5719994449446273e-09
2184,0.2184,3.599852244732343e-09
2185,0.2185,3.627917113582357e-09
2186,0.21860000000000002,3.6561956300565775e-09
2187,0.2187,3.6846894035128593e-09
2188,0.21880000000000002,3.7134000561017483e-09
2189,0.2189,3.742329165978485e-09
2190,0.219,3.771478391206006e-09
2191,0.21910000000000002,3.800849358789624e-09
2192,0.2192,3.830443775793349e-09
2193,0.21930000000000002,3.8602633053378055e-09
2194,0.2194,3.890309584611761e-09
2195,0.2195,3.920584359457229e-09
2196,0.21960000000000002,3.951089347309374e-09
2197,0.2197,3.981826190473657e-09
2198,0.21980000000000002,4.012796720430996e-09
2199,0.2199,4.044002662530312e-09
2200,0.22,4.075445744744293e-09
2201,0.22010000000000002,4.107127728827406e-09
2202,0.2202,4.1390504675356585e-09
2203,0.22030000000000002,4.171215728104644e-09
2204,0.2204,4.203625327251067e-09
2205,0.2205,4.236281042837462e-09
2206,0.22060000000000002,4.269184811560182e-09
2207,0.2207,4.30233841687378e-09
2208,0.22080000000000002,4.335743762136824e-09
2209,0.2209,4.369402714520982e-09
2210,0.221,4.403317183136122e-09
2211,0.22110000000000002,4.437489079994301e-09
2212,0.2212,4.4719202808676074e-09
2213,0.22130000000000002,4.506612781839147e-09
2214,0.2214,4.541568542858233e-09
2215,0.2215,4.576789485038885e-09
2216,0.22160000000000002,4.612277621275314e-09
2217,0.2217,4.648034909981367e-09
2218,0.2218,4.684063448585949e-09
2219,0.22190000000000001,4.7203651701823525e-09
2220,0.222,4.756942167896311e-09
2221,0.22210000000000002,4.793796506593052e-09
2222,0.2222,4.830930243776697e-09
2223,0.2223,4.8683454505463266e-09
2224,0.22240000000000001,4.9060442326086445e-09
2225,0.2225,4.944028740848031e-09
2226,0.22260000000000002,4.982301087389098e-09
2227,0.2227,5.020863434826232e-09
2228,0.2228,5.059717938505993e-09
2229,0.22290000000000001,5.098866764910253e-09
2230,0.223,5.138312162703148e-09
2231,0.22310000000000002,5.178056336577187e-09
2232,0.2232,5.218101462945506e-09
2233,0.2233,5.2584498400234815e-09
2234,0.22340000000000002,5.299103722061939e-09
2235,0.2235,5.340065371973223e-09
2236,0.22360000000000002,5.381337103547663e-09
2237,0.2237,5.422921257809003e-09
2238,0.2238,5.46482014762433e-09
2239,0.22390000000000002,5.507036136873209e-09
2240,0.224,5.549571534853438e-09
2241,0.22410000000000002,5.59242879442806e-09
2242,0.2242,5.6356103139727356e-09
2243,0.2243,5.679118503397222e-09
2244,0.22440000000000002,5.722955741807402e-09
2245,0.2245,5.767124602543384e-09
2246,0.22460000000000002,5.811627466764223e-09
2247,0.2247,5.856466835802127e-09
2248,0.2248,5.9016452598193964e-09
2249,0.22490000000000002,5.947165292805523e-09
2250,0.225,5.993029407639342e-09
2251,0.22510000000000002,6.039240240205137e-09
2252,0.2252,6.085800355959838e-09
2253,0.2253,6.1327123613974424e-09
2254,0.22540000000000002,6.179978866905214e-09
2255,0.2255,6.227602529327005e-09
2256,0.22560000000000002,6.275586004152673e-09
2257,0.2257,6.3239320280458415e-09
2258,0.2258,6.372643235216505e-09
2259,0.22590000000000002,6.4217224130179315e-09
2260,0.226,6.471172275658047e-09
2261,0.22610000000000002,6.520995581388925e-09
2262,0.2262,6.571195132595254e-09
2263,0.2263,6.621773733168525e-09
2264,0.22640000000000002,6.672734199184428e-09
2265,0.2265,6.724079423048644e-09
2266,0.22660000000000002,6.7758122239578325e-09
2267,0.2267,6.827935542957097e-09
2268,0.2268,6.880452213102827e-09
2269,0.22690000000000002,6.933365261684637e-09
2270,0.227,6.986677608041187e-09
2271,0.22710000000000002,7.040392213341049e-09
2272,0.2272,7.094512086025819e-09
2273,0.2273,7.149040268497294e-09
2274,0.22740000000000002,7.203979823769253e-09
2275,0.2275,7.259333771091615e-09
2276,0.22760000000000002,7.315105206668425e-09
2277,0.2277,7.371297287700153e-09
2278,0.2278,7.427913084703843e-09
2279,0.22790000000000002,7.484955834033472e-09
2280,0.228,7.542428704229967e-09
2281,0.2281,7.600334857752183e-09
2282,0.22820000000000001,7.658677512870688e-09
2283,0.2283,7.717460043429687e-09
2284,0.22840000000000002,7.776685596569862e-09
2285,0.2285,7.836357555864074e-09
2286,0.2286,7.896479193940223e-09
2287,0.22870000000000001,7.957053915043861e-09
2288,0.2288,8.018085120358541e-09
2289,0.22890000000000002,8.079576137779839e-09
2290,0.229,8.141530421655145e-09
2291,0.2291,8.203951428725934e-09
2292,0.22920000000000001,8.266842669495174e-09
2293,0.2293,8.33020760824713e-09
2294,0.22940000000000002,8.394049803658572e-09
2295,0.2295,8.458372819649343e-09
2296,0.2296,8.523180217256653e-09
2297,0.22970000000000002,8.588475611522255e-09
2298,0.2298,8.654262660754884e-09
2299,0.22990000000000002,8.720544987961504e-09
2300,0.23,8.787326340843245e-09
2301,0.2301,8.854610440044357e-09
2302,0.23020000000000002,8.92240096278751e-09
2303,0.2303,8.990701757397533e-09
2304,0.23040000000000002,9.059516593603961e-09
2305,0.2305,9.128849333667368e-09
2306,0.2306,9.198703801990216e-09
2307,0.23070000000000002,9.269083869390648e-09
2308,0.2308,9.339993534872948e-09
2309,0.23090000000000002,9.411436678016935e-09
2310,0.231,9.483417276714024e-09
2311,0.2311,9.555939377378822e-09
2312,0.23120000000000002,9.629007007806312e-09
2313,0.2313,9.702624196219204e-09
2314,0.23140000000000002,9.776795102287116e-09
2315,0.2315,9.851523760684706e-09
2316,0.2316,9.926814422329973e-09
2317,0.23170000000000002,1.0002671229569682e-08
2318,0.2318,1.0079098393676119e-08
2319,0.23190000000000002,1.0156100230547031e-08
2320,0.232,1.0233680936492965e-08
2321,0.2321,1.0311844869987158e-08
2322,0.23220000000000002,1.039059640408229e-08
2323,0.2323,1.0469939874360021e-08
2324,0.23240000000000002,1.054987970495065e-08
2325,0.2325,1.0630420323683628e-08
2326,0.2326,1.0711566255376615e-08
2327,0.23270000000000002,1.0793321982027562e-08
2328,0.2328,1.087569203059105e-08
2329,0.23290000000000002,1.0958680992293451e-08
2330,0.233,1.1042293528254182e-08
2331,0.2331,1.1126534190879981e-08
2332,0.23320000000000002,1.1211407750991836e-08
2333,0.2333,1.1296918895534183e-08
2334,0.23340000000000002,1.1383072356790404e-08
2335,0.2335,1.1469872973066328e-08
2336,0.2336,1.1557325487731621e-08
2337,0.23370000000000002,1.164543482469621e-08
2338,0.2338,1.1734205837792415e-08
2339,0.23390000000000002,1.1823643501001912e-08
2340,0.234,1.1913752723745047e-08
2341,0.2341,1.2004538574422403e-08
2342,0.23420000000000002,1.209600606247445e-08
2343,0.2343,1.2188160273677218e-08
2344,0.23440000000000003,1.2281006312220485e-08
2345,0.23450000000000001,2.3125504752934737e-09
2346,0.2346,2.331156673603478e-09
2347,0.23470000000000002,2.349910208403556e-09
2348,0.2348,2.3688122099852414e-09
2349,0.2349,2.387863882325957e-09
2350,0.23500000000000001,2.4070664006682723e-09
2351,0.2351,2.4264209308691863e-09
2352,0.23520000000000002,2.4459286487989673e-09
2353,0.2353,2.4655908153057772e-09
2354,0.2354,2.485408559787253e-09
2355,0.23550000000000001,2.5053831493900362e-09
2356,0.2356,2.5255158419931726e-09
2357,0.23570000000000002,2.5458078250128354e-09
2358,0.2358,2.566260359897929e-09
2359,0.2359,2.5868747182769684e-09
2360,0.23600000000000002,2.6076521736235637e-09
2361,0.2361,2.628593951121921e-09
2362,0.23620000000000002,2.649701411465032e-09
2363,0.2363,2.6709758309166568e-09
2364,0.2364,2.692418532201565e-09
2365,0.23650000000000002,2.7140307897409667e-09
2366,0.2366,2.7358139746860663e-09
2367,0.23670000000000002,2.7577694071252175e-09
2368,0.2368,2.779898417429024e-09
2369,0.2369,2.802202418929919e-09
2370,0.23700000000000002,2.824682745932914e-09
2371,0.2371,2.847340810179176e-09
2372,0.23720000000000002,2.870177949901048e-09
2373,0.2373,2.893195631220054e-09
2374,0.2374,2.916395229966608e-09
2375,0.23750000000000002,2.93977817437543e-09
2376,0.2376,2.9633459339799323e-09
2377,0.23770000000000002,2.9870999383751727e-09
2378,0.2378,3.011041619208943e-09
2379,0.2379,3.035172494376323e-09
2380,0.23800000000000002,3.0594940446593946e-09
2381,0.2381,3.084007744541952e-09
2382,0.23820000000000002,3.1087150762419245e-09
2383,0.2383,3.133617574702434e-09
2384,0.2384,3.1587168023865214e-09
2385,0.23850000000000002,3.1840142930589717e-09
2386,0.2386,3.209511579868856e-09
2387,0.23870000000000002,3.2352102403984007e-09
2388,0.2388,3.2611118122383926e-09
2389,0.2389,3.2872179619966276e-09
2390,0.23900000000000002,3.3135302318117876e-09
2391,0.2391,3.340050253456756e-09
2392,0.23920000000000002,3.366779649757738e-09
2393,0.2393,3.393720105145685e-09
2394,0.2394,3.4208732528129437e-09
2395,0.23950000000000002,3.448240731108393e-09
2396,0.2396,3.4758242202883583e-09
2397,0.23970000000000002,3.5036254114942814e-09
2398,0.2398,3.5316460746640008e-09
2399,0.2399,3.5598879002065838e-09
2400,0.24000000000000002,3.588352580937774e-09
2401,0.2401,3.617041897053153e-09
2402,0.24020000000000002,3.6459575887922728e-09
2403,0.2403,3.675101438559324e-09
2404,0.2404,3.704475242645936e-09
2405,0.24050000000000002,3.7340808226034066e-09
2406,0.2406,3.7639199373014375e-09
2407,0.24070000000000003,3.7939944616820325e-09
2408,0.24080000000000001,3.824306284730367e-09
2409,0.2409,3.854857161720807e-09
2410,0.24100000000000002,3.885649023826902e-09
2411,0.2411,3.9166837594750285e-09
2412,0.2412,3.947963268312925e-09
2413,0.24130000000000001,3.979489486846735e-09
2414,0.2414,4.011264311621872e-09
2415,0.24150000000000002,4.043289693150047e-09
2416,0.2416,4.075567616064503e-09
2417,0.2417,4.108100079225706e-09
2418,0.24180000000000001,4.14088903299007e-09
2419,0.2419,4.173936516080121e-09
2420,0.24200000000000002,4.207244575825559e-09
2421,0.2421,4.240815176782008e-09
2422,0.2422,4.2746504462743476e-09
2423,0.24230000000000002,4.308752448914039e-09
2424,0.2424,4.3431232350761794e-09
2425,0.24250000000000002,4.3777649896232185e-09
2426,0.2426,4.4126797345353986e-09
2427,0.2427,4.447869709362456e-09
2428,0.24280000000000002,4.483336973529553e-09
2429,0.2429,4.519083781336446e-09
2430,0.24300000000000002,4.555112327220799e-09
2431,0.2431,4.591424734157089e-09
2432,0.2432,4.6280232973691e-09
2433,0.24330000000000002,4.664910272283907e-09
2434,0.2434,4.702087877314753e-09
2435,0.24350000000000002,4.739558368464767e-09
2436,0.2436,4.777324096872319e-09
2437,0.2437,4.815387382503797e-09
2438,0.24380000000000002,4.853750485321949e-09
2439,0.2439,4.892415818073945e-09
2440,0.24400000000000002,4.931385785405039e-09
2441,0.2441,4.97066266864987e-09
2442,0.2442,5.010248925176883e-09
2443,0.24430000000000002,5.0501470158230265e-09
2444,0.2444,5.090359361646263e-09
2445,0.24450000000000002,5.130888384217926e-09
2446,0.2446,5.1717366008392065e-09
2447,0.2447,5.21290653235531e-09
2448,0.24480000000000002,5.254400697379695e-09
2449,0.2449,5.296221574724422e-09
2450,0.24500000000000002,5.338371828750803e-09
2451,0.2451,5.380853942530055e-09
2452,0.2452,5.423670587719187e-09
2453,0.24530000000000002,5.4668243876481905e-09
2454,0.2454,5.510317882474305e-09
2455,0.24550000000000002,5.5541538823346025e-09
2456,0.2456,5.598334981138313e-09
2457,0.2457,5.6428639097359325e-09
2458,0.24580000000000002,5.687743394106089e-09
2459,0.2459,5.732976172743033e-09
2460,0.24600000000000002,5.778565075029483e-09
2461,0.2461,5.82451279496225e-09
2462,0.2462,5.8708221696917025e-09
2463,0.24630000000000002,5.917496124598845e-09
2464,0.2464,5.964537411857855e-09
2465,0.24650000000000002,6.01194897356892e-09
2466,0.2466,6.0597336919513495e-09
2467,0.2467,6.107894517267046e-09
2468,0.24680000000000002,6.156434348579572e-09
2469,0.2469,6.205356222964997e-09
2470,0.24700000000000003,6.254663091417568e-09
2471,0.24710000000000001,6.3043579615028105e-09
2472,0.2472,6.354443920793308e-09
2473,0.24730000000000002,6.404924029079047e-09
2474,0.2474,6.455801341650998e-09
2475,0.24750000000000003,6.507079005634807e-09
2476,0.24760000000000001,6.558760134568264e-09
2477,0.2477,6.610847977806317e-09
2478,0.24780000000000002,6.663345605072515e-09
2479,0.2479,6.716256274569035e-09
2480,0.248,6.769583289992096e-09
2481,0.24810000000000001,6.823329830859141e-09
2482,0.2482,6.8774992450489796e-09
2483,0.24830000000000002,6.932094814798007e-09
2484,0.2484,6.9871199030764395e-09
2485,0.2485,7.0425778804533e-09
2486,0.24860000000000002,7.0984721192368785e-09
2487,0.2487,7.1548060932212876e-09
2488,0.24880000000000002,7.211583228192294e-09
2489,0.2489,7.26880695760998e-09
2490,0.249,7.326480848924356e-09
2491,0.24910000000000002,7.384608439272483e-09
2492,0.2492,7.443193214829143e-09
2493,0.24930000000000002,7.502238807740025e-09
2494,0.2494,7.561748855181481e-09
2495,0.2495,7.621726987587213e-09
2496,0.24960000000000002,7.682176861014317e-09
2497,0.2497,7.743102204315669e-09
2498,0.24980000000000002,7.804506716135064e-09
2499,0.2499,7.866394197498787e-09
2500,0.25,7.928768434041e-09
2501,0.2501,7.991633237268212e-09
2502,0.25020000000000003,8.054992412133083e-09
2503,0.2503,8.118849948940963e-09
2504,0.2504,8.183209619018414e-09
2505,0.2505,8.248075515053891e-09
2506,0.2506,8.313451510724027e-09
2507,0.25070000000000003,8.379341621059194e-09
2508,0.2508,8.44574990212005e-09
2509,0.2509,8.512680424429691e-09
2510,0.251,8.580137305562684e-09
2511,0.2511,8.64812466875671e-09
2512,0.25120000000000003,8.716646642912583e-09
2513,0.2513,8.78570745153132e-09
2514,0.2514,8.855311365439137e-09
2515,0.2515,8.925462578259044e-09
2516,0.2516,8.996165419949469e-09
2517,0.25170000000000003,9.067424273923769e-09
2518,0.2518,9.139243434562135e-09
2519,0.2519,9.211627380414448e-09
2520,0.252,9.284580423760557e-09
2521,0.2521,9.358107192057337e-09
2522,0.25220000000000004,9.432212048390709e-09
2523,0.2523,9.506899635613962e-09
2524,0.2524,9.582174513629791e-09
2525,0.2525,9.658041284319848e-09
2526,0.2526,9.734504567776266e-09
2527,0.25270000000000004,9.811569112625463e-09
2528,0.2528,9.889239593475923e-09
2529,0.2529,9.967520777831892e-09
2530,0.253,1.004641752924907e-08
2531,0.2531,1.012593462537749e-08
2532,0.25320000000000004,1.02060769071279e-08
2533,0.2533,1.0286849380381428e-08
2534,0.2534,1.0368256941282582e-08
2535,0.2535,1.0450304624222683e-08
2536,0.2536,1.0532997416613793e-08
2537,0.25370000000000004,1.061634040842673e-08
2538,0.2538,1.0700338750462943e-08
2539,0.2539,1.0784997534650989e-08
2540,0.254,1.0870321970705719e-08
2541,0.2541,1.0956317305411268e-08
2542,0.25420000000000004,1.1042988804687361e-08
2543,0.2543,1.1130341816612127e-08
2544,0.2544,1.1218381669530768e-08
2545,0.2545,1.1307113822118545e-08
2546,0.2546,1.139654360832503e-08
2547,0.25470000000000004,1.1486676636737182e-08
2548,0.2548,1.1577518349242768e-08
2549,0.2549,1.1669074375519074e-08
2550,0.255,1.1761350340860723e-08
2551,0.2551,1.1854351896250109e-08
2552,0.25520000000000004,1.1948084688286976e-08
2553,0.2553,1.2042554597093897e-08
2554,0.2554,1.213776733905065e-08
2555,0.2555,1.2233728764855832e-08
2556,0.2556,1.2330444775346232e-08
2557,0.25570000000000004,1.2427921339678329e-08
2558,0.2558,1.2526164377757555e-08
2559,0.2559,2.574701280593291e-09
2560,0.256,2.5960667835217573e-09
2561,0.2561,2.617608393856706e-09
2562,0.25620000000000004,2.6393275172786233e-09
2563,0.25630000000000003,2.6612256188171196e-09
2564,0.2564,2.6833041533942857e-09
2565,0.2565,2.7055646353969515e-09
2566,0.2566,2.7280085691657706e-09
2567,0.25670000000000004,2.750637470169492e-09
2568,0.25680000000000003,2.7734528104926254e-09
2569,0.2569,2.796456146033247e-09
2570,0.257,2.8196490893760107e-09
2571,0.2571,2.8430331188202606e-09
2572,0.25720000000000004,2.8666098420869382e-09
2573,0.25730000000000003,2.8903808326577155e-09
2574,0.2574,2.9143477086538453e-09
2575,0.2575,2.938512090390888e-09
2576,0.2576,2.962875557834338e-09
2577,0.2577,2.9874397751596447e-09
2578,0.25780000000000003,3.0122064209628867e-09
2579,0.2579,3.037177163944979e-09
2580,0.258,3.0623536385392643e-09
2581,0.2581,3.087737569676801e-09
2582,0.2582,3.1133306846245263e-09
2583,0.25830000000000003,3.139134670325276e-09
2584,0.2584,3.165151295248056e-09
2585,0.2585,3.191382305858374e-09
2586,0.2586,3.217829432672413e-09
2587,0.2587,3.244494500088617e-09
2588,0.25880000000000003,3.2713792617004814e-09
2589,0.2589,3.2984855895166182e-09
2590,0.259,3.3258152786393322e-09
2591,0.2591,3.353370120469161e-09
2592,0.2592,3.3811520555810326e-09
2593,0.25930000000000003,3.4091629292922976e-09
2594,0.2594,3.437404583277526e-09
2595,0.2595,3.465878962702156e-09
2596,0.2596,3.494587966355724e-09
2597,0.2597,3.523533541530881e-09
2598,0.25980000000000003,3.5527176841118694e-09
2599,0.2599,3.582142254701975e-09
2600,0.26,3.611809346421717e-09
2601,0.2601,3.6417208711204075e-09
2602,0.2602,3.6718789273689866e-09
2603,0.26030000000000003,3.7022854783866642e-09
2604,0.2604,3.732942579097247e-09
2605,0.2605,3.763852342496147e-09
2606,0.2606,3.795016832156932e-09
2607,0.2607,3.82643815131924e-09
2608,0.26080000000000003,3.858118424499756e-09
2609,0.2609,3.890059720582245e-09
2610,0.261,3.922264295946016e-09
2611,0.2611,3.954734283722286e-09
2612,0.2612,3.987471844538658e-09
2613,0.26130000000000003,4.020479206639247e-09
2614,0.2614,4.053758644422561e-09
2615,0.2615,4.087312336619019e-09
2616,0.2616,4.121142557438689e-09
2617,0.2617,4.155251639701218e-09
2618,0.26180000000000003,4.189641817431994e-09
2619,0.2619,4.2243154697467955e-09
2620,0.262,4.259274883132207e-09
2621,0.2621,4.294522495528478e-09
2622,0.2622,4.330060596577027e-09
2623,0.26230000000000003,4.3658916274814804e-09
2624,0.2624,4.402018032706301e-09
2625,0.2625,4.438442204236389e-09
2626,0.2626,4.4751666425601206e-09
2627,0.2627,4.51219383910603e-09
2628,0.26280000000000003,4.5495262080141804e-09
2629,0.2629,4.58716638681945e-09
2630,0.263,4.625116842841597e-09
2631,0.2631,4.663380170816697e-09
2632,0.2632,4.701958897521357e-09
2633,0.26330000000000003,4.740855717702763e-09
2634,0.2634,4.780073248914021e-09
2635,0.2635,4.819614112181457e-09
2636,0.2636,4.859480922675628e-09
2637,0.2637,4.899676495009499e-09
2638,0.26380000000000003,4.940203460830819e-09
2639,0.2639,4.981064629600115e-09
2640,0.264,5.022262693054359e-09
2641,0.2641,5.063800474222179e-09
2642,0.2642,5.1056807562447044e-09
2643,0.26430000000000003,5.1479064194816965e-09
2644,0.2644,5.190480348115363e-09
2645,0.2645,5.233405289737564e-09
2646,0.2646,5.2766842764820435e-09
2647,0.2647,5.320320203998374e-09
2648,0.26480000000000004,5.364315971758594e-09
2649,0.2649,5.408674620557357e-09
2650,0.265,5.453399157705216e-09
2651,0.2651,5.498492585104116e-09
2652,0.2652,5.543957955543467e-09
2653,0.26530000000000004,5.589798335231952e-09
2654,0.2654,5.636016875825984e-09
2655,0.2655,5.682616698696045e-09
2656,0.2656,5.7296009167946285e-09
2657,0.2657,5.776972703590368e-09
2658,0.26580000000000004,5.824735377835982e-09
2659,0.2659,5.8728920650592195e-09
2660,0.266,5.921446092576817e-09
2661,0.2661,5.970400745011606e-09
2662,0.2662,6.019759301888108e-09
2663,0.26630000000000004,6.069525153851097e-09
2664,0.2664,6.1197016331603625e-09
2665,0.2665,6.170292192773868e-09
2666,0.2666,6.221300268183414e-09
2667,0.2667,6.272729261642151e-09
2668,0.26680000000000004,6.324582683727636e-09
2669,0.2669,6.376864074821534e-09
2670,0.267,6.42957700200704e-09
2671,0.2671,6.482725024449635e-09
2672,0.2672,6.536311709134185e-09
2673,0.26730000000000004,6.590340769616803e-09
2674,0.2674,6.644815779231069e-09
2675,0.2675,6.699740562120609e-09
2676,0.2676,6.7551187454255834e-09
2677,0.2677,6.810954163133808e-09
2678,0.26780000000000004,6.8672505468551114e-09
2679,0.2679,6.9240117405276935e-09
2680,0.268,6.981241675326083e-09
2681,0.2681,7.038944107305832e-09
2682,0.2682,7.097123082165726e-09
2683,0.26830000000000004,7.155782498992853e-09
2684,0.2684,7.214926366449309e-09
2685,0.2685,7.274558695272756e-09
2686,0.2686,7.334683548968977e-09
2687,0.2687,7.395304996352873e-09
2688,0.26880000000000004,7.456427203507841e-09
2689,0.26890000000000003,7.518054307069131e-09
2690,0.269,7.580190522053636e-09
2691,0.2691,7.642840043584449e-09
2692,0.2692,7.706007199278821e-09
2693,0.26930000000000004,7.76969623980793e-09
2694,0.26940000000000003,7.833911504004278e-09
2695,0.2695,7.898657393580921e-09
2696,0.2696,7.963938265102282e-09
2697,0.2697,8.02975867487539e-09
2698,0.26980000000000004,8.096123032383318e-09
2699,0.26990000000000003,8.163035861089282e-09
2700,0.27,8.230501722193118e-09
2701,0.2701,8.298525249740142e-09
2702,0.2702,8.367111115682179e-09
2703,0.27030000000000004,8.43626391514303e-09
2704,0.27040000000000003,8.505988383177581e-09
2705,0.2705,8.57628935991781e-09
2706,0.2706,8.647171544952478e-09
2707,0.2707,8.718639841946103e-09
2708,0.27080000000000004,8.790699065100708e-09
2709,0.27090000000000003,8.863354217012437e-09
2710,0.271,8.9366102204625e-09
2711,0.2711,9.010472097354181e-09
2712,0.2712,9.084944876103406e-09
2713,0.2713,9.160033687653983e-09
2714,0.27140000000000003,9.235743570351655e-09
2715,0.2715,9.312079822076608e-09
2716,0.2716,9.389047580979375e-09
2717,0.2717,9.466652107234028e-09
2718,0.2718,9.544898757599309e-09
2719,0.27190000000000003,9.623792898978969e-09
2720,0.272,9.70333989559262e-09
2721,0.2721,9.783545176366916e-09
2722,0.2722,9.864414267152987e-09
2723,0.2723,9.94595266561171e-09
2724,0.27240000000000003,1.0028166046811883e-08
2725,0.2725,1.0111059919573746e-08
2726,0.2726,1.019464008601621e-08
2727,0.2727,1.0278912201349553e-08
2728,0.2728,1.0363882037485006e-08
2729,0.27290000000000003,1.0449555457480273e-08
2730,0.273,1.0535938290090905e-08
2731,0.2731,1.0623036522998265e-08
2732,0.2732,1.0710856093596756e-08
2733,0.2733,1.0799403043644609e-08
2734,0.27340000000000003,1.0888683480737459e-08
2735,0.2735,1.0978703459035437e-08
2736,0.2736,1.1069469195403128e-08
2737,0.2737,1.1160986914709277e-08
2738,0.2738,1.1253262933806858e-08
2739,0.27390000000000003,1.1346303597062808e-08
2740,0.274,1.144011524406984e-08
2741,0.2741,1.1534704368066365e-08
2742,0.2742,1.1630077477108978e-08
2743,0.2743,1.1726241084376538e-08
2744,0.27440000000000003,1.1823201905626225e-08
2745,0.2745,1.1920966467717975e-08
2746,0.2746,1.2019541607128443e-08
2747,0.2747,1.2118934107550195e-08
2748,0.2748,1.2219150725714043e-08
2749,0.27490000000000003,1.2320198457248483e-08
2750,0.275,1.2422084219170922e-08
2751,0.2751,1.2524815031467436e-08
2752,0.2752,1.2628398017263839e-08
2753,0.2753,1.273284026984113e-08
2754,0.27540000000000003,2.8176388958624863e-09
2755,0.2755,2.8419747438276466e-09
2756,0.2756,2.866521074500402e-09
2757,0.2757,2.8912796174545857e-09
2758,0.2758,2.9162522866686564e-09
2759,0.27590000000000003,2.9414409627866444e-09
2760,0.276,2.966847515844893e-09
2761,0.2761,2.9924738280483534e-09
2762,0.2762,3.0183217840133563e-09
2763,0.2763,3.0443934076660187e-09
2764,0.27640000000000003,3.0706905885940893e-09
2765,0.2765,3.0972153133902107e-09
2766,0.2766,3.123969525512916e-09
2767,0.2767,3.1509553079995005e-09
2768,0.2768,3.178174609421489e-09
2769,0.27690000000000003,3.2056294788294997e-09
2770,0.277,3.2333220071108196e-09
2771,0.2771,3.2612542486060247e-09
2772,0.2772,3.289428306060882e-09
2773,0.2773,3.317846235841727e-09
2774,0.27740000000000004,3.3465102932816804e-09
2775,0.2775,3.3754224943664954e-09
2776,0.2776,3.4045850934220805e-09
2777,0.2777,3.4340002067990003e-09
2778,0.2778,3.463670110842346e-09
2779,0.27790000000000004,3.4935970159679536e-09
2780,0.278,3.5237831485270525e-09
2781,0.2781,3.5542307344262643e-09
2782,0.2782,3.584942199317621e-09
2783,0.2783,3.6159196797735575e-09
2784,0.27840000000000004,3.6471656500555545e-09
2785,0.2785,3.678682347763883e-09
2786,0.2786,3.7104722171006094e-09
2787,0.2787,3.742537596894406e-09
2788,0.2788,3.77488093090053e-09
2789,0.27890000000000004,3.80750461663641e-09
2790,0.279,3.840411153403367e-09
2791,0.2791,3.873602994300284e-09
2792,0.2792,3.907082694351516e-09
2793,0.2793,3.940852663568051e-09
2794,0.27940000000000004,3.974915512768064e-09
2795,0.2795,4.0092738033408445e-09
2796,0.2796,4.043930162596992e-09
2797,0.2797,4.07888710240271e-09
2798,0.2798,4.114147345744266e-09
2799,0.27990000000000004,4.149713526621646e-09
2800,0.28,4.1855883187056784e-09
2801,0.2801,4.221774461837435e-09
2802,0.2802,4.258274590254581e-09
2803,0.2803,4.2950915928242545e-09
2804,0.28040000000000004,4.332228160315313e-09
2805,0.2805,4.369687145723242e-09
2806,0.2806,4.407471346079177e-09
2807,0.2807,4.445583661290619e-09
2808,0.2808,4.4840269021891535e-09
2809,0.28090000000000004,4.52280403226925e-09
2810,0.281,4.561917959112951e-09
2811,0.2811,4.601371607238168e-09
2812,0.2812,4.641168044179381e-09
2813,0.2813,4.681310241805414e-09
2814,0.28140000000000004,4.721801232166101e-09
2815,0.28150000000000003,4.762644097630066e-09
2816,0.2816,4.8038418779510115e-09
2817,0.2817,4.845397809454862e-09
2818,0.2818,4.88731492978181e-09
2819,0.28190000000000004,4.9295964499881206e-09
2820,0.28200000000000003,4.972245611797583e-09
2821,0.2821,5.0152656244184114e-09
2822,0.2822,5.058659747705612e-09
2823,0.2823,5.1024312955738195e-09
2824,0.28240000000000004,5.146583539473783e-09
2825,0.28250000000000003,5.191119891604339e-09
2826,0.2826,5.236043741797675e-09
2827,0.2827,5.281358457472126e-09
2828,0.2828,5.327067483670035e-09
2829,0.28290000000000004,5.373174309814044e-09
2830,0.28300000000000003,5.419682469777887e-09
2831,0.2831,5.466595475163037e-09
2832,0.2832,5.513916915478123e-09
2833,0.2833,5.561650358006709e-09
2834,0.28340000000000004,5.609799461430481e-09
2835,0.28350000000000003,5.658367942538364e-09
2836,0.2836,5.707359368893336e-09
2837,0.2837,5.756777620417505e-09
2838,0.2838,5.806626381044067e-09
2839,0.28390000000000004,5.856909433088155e-09
2840,0.28400000000000003,5.907630717717841e-09
2841,0.2841,5.958794026887084e-09
2842,0.2842,6.010403264573754e-09
2843,0.2843,6.062462389952708e-09
2844,0.2844,6.1149753570934965e-09
2845,0.28450000000000003,6.167946239122933e-09
2846,0.2846,6.221379000122237e-09
2847,0.2847,6.275277820709038e-09
2848,0.2848,6.32964673555462e-09
2849,0.2849,6.384489972573674e-09
2850,0.28500000000000003,6.43981168428486e-09
2851,0.2851,6.495616115834335e-09
2852,0.2852,6.5519075244015675e-09
2853,0.2853,6.6086903138376e-09
2854,0.2854,6.665968698228683e-09
2855,0.28550000000000003,6.723747206757291e-09
2856,0.2856,6.7820301620187114e-09
2857,0.2857,6.840822047020895e-09
2858,0.2858,6.9001274515108394e-09
2859,0.2859,6.9599508664144265e-09
2860,0.28600000000000003,7.020296848975632e-09
2861,0.2861,7.081170151116482e-09
2862,0.2862,7.142575341624131e-09
2863,0.2863,7.204517184095932e-09
2864,0.2864,7.267000458201926e-09
2865,0.28650000000000003,7.330029949563091e-09
2866,0.2866,7.393610541038301e-09
2867,0.2867,7.45774703024599e-09
2868,0.2868,7.522444471124019e-09
2869,0.2869,7.587707771606239e-09
2870,0.28700000000000003,7.653541998071604e-09
2871,0.2871,7.719952223199255e-09
2872,0.2872,7.786943573401604e-09
2873,0.2873,7.854521191625113e-09
2874,0.2874,7.922690318738456e-09
2875,0.28750000000000003,7.991456202118173e-09
2876,0.2876,8.060824156718989e-09
2877,0.2877,8.130799544816167e-09
2878,0.2878,8.201387735334424e-09
2879,0.2879,8.272594263475695e-09
2880,0.28800000000000003,8.34442456938775e-09
2881,0.2881,8.41688424269323e-09
2882,0.2882,8.489978890142328e-09
2883,0.2883,8.563714169641032e-09
2884,0.2884,8.638095807338981e-09
2885,0.28850000000000003,8.713129526263979e-09
2886,0.2886,8.788821162060469e-09
2887,0.2887,8.865176605274281e-09
2888,0.2888,8.942201760551786e-09
2889,0.2889,9.01990259095742e-09
2890,0.28900000000000003,9.098285158973939e-09
2891,0.2891,9.177355548220374e-09
2892,0.2892,9.257119836182258e-09
2893,0.2893,9.337584322849126e-09
2894,0.2894,9.418755261377643e-09
2895,0.28950000000000004,9.500638857997247e-09
2896,0.2896,9.583241593056537e-09
2897,0.2897,9.666569842133033e-09
2898,0.2898,9.750630091219826e-09
2899,0.2899,9.835428947162327e-09
2900,0.29000000000000004,9.920972959955242e-09
2901,0.2901,1.0007268851923897e-08
2902,0.2902,1.0094323302328846e-08
2903,0.2903,1.0182143139057749e-08
2904,0.2904,1.0270735218963226e-08
2905,0.29050000000000004,1.0360106445033298e-08
2906,0.2906,1.0450263780169058e-08
2907,0.2907,1.0541214309001812e-08
2908,0.2908,1.0632965114587987e-08
2909,0.2909,1.0725523388206783e-08
2910,0.29100000000000004,1.0818896398635073e-08
2911,0.2911,1.0913091461358598e-08
2912,0.2912,1.1008115907719483e-08
2913,0.2913,1.1103977167402778e-08
2914,0.2914,1.1200682851092899e-08
2915,0.29150000000000004,1.1298240472225232e-08
2916,0.2916,1.139665769792231e-08
2917,0.2917,1.1495942215036106e-08
2918,0.2918,1.1596101926379474e-08
2919,0.2919,1.1697144575735765e-08
2920,0.29200000000000004,1.1799078247052161e-08
2921,0.2921,1.1901910810218375e-08
2922,0.2922,1.200565041361363e-08
2923,0.2923,1.2110305263879088e-08
2924,0.2924,1.2215883577708504e-08
2925,0.29250000000000004,1.2322393633607323e-08
2926,0.2926,1.2429843823757955e-08
2927,0.2927,1.2538242650743806e-08
2928,0.2928,1.2647598738082794e-08
2929,0.2929,1.2757920564356209e-08
2930,0.29300000000000004,1.2869216915745253e-08
2931,0.2931,1.2981496613381395e-08
2932,0.2932,3.0597136578125496e-09
2933,0.2933,3.0874672798427755e-09
2934,0.2934,3.115475294868321e-09
2935,0.29350000000000004,3.1437401256943666e-09
2936,0.2936,3.1722641426818844e-09
2937,0.2937,3.201049719089296e-09
2938,0.2938,3.2300993939712555e-09
2939,0.2939,3.259415602021206e-09
2940,0.29400000000000004,3.2890007809055443e-09
2941,0.29410000000000003,3.3188574753477466e-09
2942,0.2942,3.3489882887162215e-09
2943,0.2943,3.37939571299901e-09
2944,0.2944,3.4100823057326414e-09
2945,0.29450000000000004,3.441050780437235e-09
2946,0.29460000000000003,3.4723037010435426e-09
2947,0.2947,3.503843780616631e-09
2948,0.2948,3.53567364164034e-09
2949,0.2949,3.5677960628605228e-09
2950,0.29500000000000004,3.600213774219385e-09
2951,0.29510000000000003,3.632929508986024e-09
2952,0.2952,3.6659461117123135e-09
2953,0.2953,3.699266367718016e-09
2954,0.2954,3.732893128437666e-09
2955,0.29550000000000004,3.76682924180702e-09
2956,0.29560000000000003,3.801077677789241e-09
2957,0.2957,3.835641389041621e-09
2958,0.2958,3.870523241089656e-09
2959,0.2959,3.9057262565230975e-09
2960,0.29600000000000004,3.941253461612528e-09
2961,0.29610000000000003,3.977107882816301e-09
2962,0.2962,4.013292665578969e-09
2963,0.2963,4.049810843827921e-09
2964,0.2964,4.086665563561403e-09
2965,0.29650000000000004,4.123860076035818e-09
2966,0.29660000000000003,4.161397437025887e-09
2967,0.2967,4.199280958006967e-09
2968,0.2968,4.237513905465939e-09
2969,0.2969,4.276099549853678e-09
2970,0.29700000000000004,4.315041214636614e-09
2971,0.29710000000000003,4.354342293903629e-09
2972,0.2972,4.394006056139768e-09
2973,0.2973,4.434036061367408e-09
2974,0.2974,4.474435698520926e-09
2975,0.2975,4.51520847995661e-09
2976,0.29760000000000003,4.556357908244298e-09
2977,0.2977,4.597887504239297e-09
2978,0.2978,4.639800940604589e-09
2979,0.2979,4.682101789028933e-09
2980,0.298,4.7247936887929655e-09
2981,0.29810000000000003,4.767880375008653e-09
2982,0.2982,4.81136560138019e-09
2983,0.2983,4.855253059290159e-09
2984,0.2984,4.899546613540793e-09
2985,0.2985,4.944250133610931e-09
2986,0.29860000000000003,4.989367430249979e-09
2987,0.2987,5.034902435082374e-09
2988,0.2988,5.080859133828816e-09
2989,0.2989,5.1272415170234815e-09
2990,0.299,5.1740535835413055e-09
2991,0.29910000000000003,5.221299432343771e-09
2992,0.2992,5.268983181456528e-09
2993,0.2993,5.3171089397464665e-09
2994,0.2994,5.365680987029933e-09
2995,0.2995,5.414703512894947e-09
2996,0.29960000000000003,5.464180740244402e-09
2997,0.2997,5.514117031409308e-09
2998,0.2998,5.564516778734798e-09
2999,0.2999,5.6153843515529806e-09
3000,0.3,5.666724216464306e-09
3001,0.30010000000000003,5.718540795880756e-09
3002,0.3002,5.770838726467967e-09
3003,0.3003,5.8236225016892486e-09
3004,0.3004,5.8768967692365166e-09
3005,0.3005,5.930666239108737e-09
3006,0.30060000000000003,5.984935570229403e-09
3007,0.3007,6.03970954417148e-09
3008,0.3008,6.094992990833309e-09
3009,0.3009,6.150790692667692e-09
3010,0.301,6.2071076580105835e-09
3011,0.30110000000000003,6.263948741377257e-09
3012,0.3012,6.321319005626506e-09
3013,0.3013,6.379223477042484e-09
3014,0.3014,6.437667237709304e-09
3015,0.3015,6.496655486058731e-09
3016,0.30160000000000003,6.556193359155513e-09
3017,0.3017,6.616286131896621e-09
3018,0.3018,6.676939113980521e-09
3019,0.3019,6.738157689130747e-09
3020,0.302,6.799947243954607e-09
3021,0.30210000000000004,6.862313171501128e-09
3022,0.3022,6.9252610851628296e-09
3023,0.3023,6.98879649807084e-09
3024,0.3024,7.052925086904717e-09
3025,0.3025,7.1176524923121665e-09
3026,0.30260000000000004,7.182984454488692e-09
3027,0.3027,7.248926784763555e-09
3028,0.3028,7.315485301408019e-09
3029,0.3029,7.382665929687418e-09
3030,0.303,7.450474601941235e-09
3031,0.30310000000000004,7.518917479273244e-09
3032,0.3032,7.588000511967533e-09
3033,0.3033,7.657729872067494e-09
3034,0.3034,7.728111796245559e-09
3035,0.3035,7.79915251429027e-09
3036,0.30360000000000004,7.870858449649266e-09
3037,0.3037,7.943235897290713e-09
3038,0.3038,8.016291346030668e-09
3039,0.3039,8.090031331851319e-09
3040,0.304,8.164462455897218e-09
3041,0.30410000000000004,8.239591377394785e-09
3042,0.3042,8.315424716842031e-09
3043,0.3043,8.391969422091936e-09
3044,0.3044,8.469232237411818e-09
3045,0.3045,8.54722006594385e-09
3046,0.30460000000000004,8.625939995106239e-09
3047,0.3047,8.705399048860163e-09
3048,0.3048,8.785604284675807e-09
3049,0.3049,8.866563009386624e-09
3050,0.305,8.948282509729893e-09
3051,0.30510000000000004,9.030770009108616e-09
3052,0.3052,9.114033023915363e-09
3053,0.3053,9.198079068666936e-09
3054,0.3054,9.282915666795027e-09
3055,0.3055,9.368550465973017e-09
3056,0.30560000000000004,9.454991177017337e-09
3057,0.3057,9.542245613645506e-09
3058,0.3058,9.630321728704533e-09
3059,0.3059,9.719227361775649e-09
3060,0.306,9.808970690206302e-09
3061,0.30610000000000004,9.899559684379921e-09
3062,0.3062,9.991002591399468e-09
3063,0.3063,1.008330778376119e-08
3064,0.3064,1.0176483531824886e-08
3065,0.3065,1.0270538282044536e-08
3066,0.30660000000000004,1.0365480642771906e-08
3067,0.30670000000000003,1.046131918912592e-08
3068,0.3068,1.0558062607693808e-08
3069,0.3069,1.0655719769105909e-08
3070,0.307,1.0754299489289357e-08
3071,0.30710000000000004,1.0853810757600748e-08
3072,0.30720000000000003,1.0954262635619091e-08
3073,0.3073,1.1055664304373705e-08
3074,0.3074,1.1158024999246405e-08
3075,0.3075,1.1261354028180096e-08
3076,0.30760000000000004,1.136566093144352e-08
3077,0.30770000000000003,1.1470955097219923e-08
3078,0.3078,1.1577246295112834e-08
3079,0.3079,1.1684544102848116e-08
3080,0.308,1.1792858472762813e-08
3081,0.30810000000000004,1.190219928533485e-08
3082,0.30820000000000003,1.2012576570832148e-08
3083,0.3083,1.2124000436796888e-08
3084,0.3084,1.2236481115448027e-08
3085,0.3085,1.2350028901995132e-08
3086,0.30860000000000004,1.246465432218563e-08
3087,0.30870000000000003,1.2580367855888422e-08
3088,0.3088,1.2697180173787717e-08
3089,0.3089,1.281510204292615e-08
3090,0.309,1.2934144264871178e-08
3091,0.30910000000000004,1.3054317923708036e-08
3092,0.30920000000000003,1.3175634047248192e-08
3093,0.3093,3.2778466313144002e-09
3094,0.3094,3.309390996501776e-09
3095,0.3095,3.3412452166017952e-09
3096,0.30960000000000004,3.373412436286153e-09
3097,0.30970000000000003,3.4058957783517196e-09
3098,0.3098,3.4386985483414504e-09
3099,0.3099,3.4718238363444786e-09
3100,0.31,3.505274999371689e-09
3101,0.31010000000000004,3.539055350831613e-09
3102,0.31020000000000003,3.573168160453743e-09
3103,0.3103,3.607616859204384e-09
3104,0.3104,3.6424047649082547e-09
3105,0.3105,3.677535375094955e-09
3106,0.3106,3.7130121877402234e-09
3107,0.31070000000000003,3.74883864994585e-09
3108,0.3108,3.7850183228427685e-09
3109,0.3109,3.821554830420792e-09
3110,0.311,3.85845178991506e-09
3111,0.3111,3.895712830138435e-09
3112,0.31120000000000003,3.933341650232477e-09
3113,0.3113,3.97134204180789e-09
3114,0.3114,4.009717705408206e-09
3115,0.3115,4.048472507588051e-09
3116,0.3116,4.0876103194323244e-09
3117,0.31170000000000003,4.127135012879116e-09
3118,0.3118,4.1670505306010535e-09
3119,0.3119,4.207360864034761e-09
3120,0.312,4.2480700092840024e-09
3121,0.3121,4.289182088619609e-09
3122,0.31220000000000003,4.3307011628413726e-09
3123,0.3123,4.372631356433821e-09
3124,0.3124,4.414976964535913e-09
3125,0.3125,4.457742117731808e-09
3126,0.3126,4.500931183740416e-09
3127,0.31270000000000003,4.5445484689865855e-09
3128,0.3128,4.588598288606336e-09
3129,0.3129,4.6330851805454795e-09
3130,0.313,4.6780135292794325e-09
3131,0.3131,4.723387890597545e-09
3132,0.31320000000000003,4.769212869940368e-09
3133,0.3133,4.815492982023495e-09
3134,0.3134,4.862232898393399e-09
3135,0.3135,4.909437421780977e-09
3136,0.3136,4.9571112939274745e-09
3137,0.31370000000000003,5.005259258390083e-09
3138,0.3138,5.0538861975052856e-09
3139,0.3139,5.102997084461553e-09
3140,0.314,5.152596861195399e-09
3141,0.3141,5.202690512440612e-09
3142,0.31420000000000003,5.253283165865192e-09
3143,0.3143,5.3043799847642664e-09
3144,0.3144,5.355986042003008e-09
3145,0.3145,5.408106638934405e-09
3146,0.3146,5.4607470682293986e-09
3147,0.31470000000000004,5.513912650978191e-09
3148,0.3148,5.567608870417709e-09
3149,0.3149,5.621841149288463e-09
3150,0.315,5.676614994653465e-09
3151,0.3151,5.731936016608159e-09
3152,0.31520000000000004,5.787809835474097e-09
3153,0.3153,5.844242189672305e-09
3154,0.3154,5.901238880089046e-09
3155,0.3155,5.9588055989556645e-09
3156,0.3156,6.016948391330974e-09
3157,0.31570000000000004,6.075673130525452e-09
3158,0.3158,6.1349858084044715e-09
3159,0.3159,6.1948925989182635e-09
3160,0.316,6.2553995713365775e-09
3161,0.3161,6.31651301449521e-09
3162,0.31620000000000004,6.3782391275268695e-09
3163,0.3163,6.440584269709269e-09
3164,0.3164,6.50355487485846e-09
3165,0.3165,6.5671574925059884e-09
3166,0.3166,6.631398567710617e-09
3167,0.31670000000000004,6.696284833170201e-09
3168,0.3168,6.761822917251403e-09
3169,0.3169,6.82801962793445e-09
3170,0.317,6.894881713748608e-09
3171,0.3171,6.9624162751543375e-09
3172,0.31720000000000004,7.030630091529101e-09
3173,0.3173,7.099530444144036e-09
3174,0.3174,7.1691242856986174e-09
3175,0.3175,7.239418981403152e-09
3176,0.3176,7.3104217251303726e-09
3177,0.31770000000000004,7.382140003869627e-09
3178,0.3178,7.454581140789717e-09
3179,0.3179,7.527752812500838e-09
3180,0.318,7.601662531901209e-09
3181,0.3181,7.676318105723012e-09
3182,0.31820000000000004,7.75172722206488e-09
3183,0.3183,7.827897829442324e-09
3184,0.3184,7.904837855472475e-09
3185,0.3185,7.982555323303827e-09
3186,0.3186,8.06105840812941e-09
3187,0.31870000000000004,8.140355305822191e-09
3188,0.31880000000000003,8.220454342017702e-09
3189,0.3189,8.301363893300004e-09
3190,0.319,8.383092473820618e-09
3191,0.3191,8.46564865268234e-09
3192,0.31920000000000004,8.549041121790456e-09
3193,0.31930000000000003,8.63327864706187e-09
3194,0.3194,8.71837005722159e-09
3195,0.3195,8.804324417264738e-09
3196,0.3196,8.891150746038211e-09
3197,0.31970000000000004,8.97885818586868e-09
3198,0.31980000000000003,9.067456002739573e-09
3199,0.3199,9.156953586468079e-09
3200,0.32,9.24736033385661e-09
3201,0.3201,9.338685943230241e-09
3202,0.32020000000000004,9.43093995405107e-09
3203,0.32030000000000003,9.524132302100488e-09
3204,0.3204,9.618272719102947e-09
3205,0.3205,9.713371280622465e-09
3206,0.3206,9.809438085103661e-09
3207,0.32070000000000004,9.906483401437216e-09
3208,0.32080000000000003,1.0004517457278182e-08
3209,0.3209,1.010355077209925e-08
3210,0.321,1.0203593945565715e-08
3211,0.3211,1.0304657517485894e-08
3212,0.32120000000000004,1.0406752392086544e-08
3213,0.32130000000000003,1.0509889482268254e-08
3214,0.3214,1.0614079770264118e-08
3215,0.3215,1.0719334478400331e-08
3216,0.3216,1.0825664781114296e-08
3217,0.32170000000000004,1.0933082157802045e-08
3218,0.32180000000000003,1.104159815790482e-08
3219,0.3219,1.1151224389605301e-08
3220,0.322,1.126197265664848e-08
3221,0.3221,1.1373854829431885e-08
3222,0.32220000000000004,1.1486883016131965e-08
3223,0.32230000000000003,1.1601069407163926e-08
3224,0.3224,1.1716426252467991e-08
3225,0.3225,1.1832966040392214e-08
3226,0.3226,1.1950701406704007e-08
3227,0.32270000000000004,1.2069644982521802e-08
3228,0.32280000000000003,1.2189809771282593e-08
3229,0.3229,1.2311208665524248e-08
3230,0.323,1.2433854862025578e-08
3231,0.3231,1.2557761736472242e-08
3232,0.32320000000000004,1.2682942641633653e-08
3233,0.32330000000000003,1.2809411212419982e-08
3234,0.3234,1.2937181286177456e-08
3235,0.3235,1.3066266643468392e-08
3236,0.3236,1.3196681439335454e-08
3237,0.32370000000000004,1.3328439825807977e-08
3238,0.32380000000000003,1.346155628037952e-08
3239,0.3239,3.5094781594008407e-09
3240,0.324,3.545645599962754e-09
3241,0.3241,3.582196752371182e-09
3242,0.3242,3.6191359713791955e-09
3243,0.32430000000000003,3.656467490450227e-09
3244,0.3244,3.694195616736186e-09
3245,0.3245,3.732324715871256e-09
3246,0.3246,3.770859215883756e-09
3247,0.3247,3.809803549827779e-09
3248,0.32480000000000003,3.8491622132577355e-09
3249,0.3249,3.888939879301312e-09
3250,0.325,3.9291411113752566e-09
3251,0.3251,3.9697705394264826e-09
3252,0.3252,4.010832959771675e-09
3253,0.32530000000000003,4.052333124280641e-09
3254,0.3254,4.094275913041774e-09
3255,0.3255,4.136666200154524e-09
3256,0.3256,4.179508869076008e-09
3257,0.3257,4.2228089778438055e-09
3258,0.32580000000000003,4.266571659406254e-09
3259,0.3259,4.310801925653353e-09
3260,0.326,4.3555050287266456e-09
3261,0.3261,4.400686169009126e-09
3262,0.3262,4.446350668203618e-09
3263,0.32630000000000003,4.492503907920433e-09
3264,0.3264,4.539151283553814e-09
3265,0.3265,4.586298315992793e-09
3266,0.3266,4.6339505092478266e-09
3267,0.3267,4.682113573950358e-09
3268,0.32680000000000003,4.7307930961097254e-09
3269,0.3269,4.779994837712617e-09
3270,0.327,4.829724648258062e-09
3271,0.3271,4.879988418576057e-09
3272,0.3272,4.930792107900318e-09
3273,0.32730000000000004,4.982141635851046e-09
3274,0.3274,5.034043202935802e-09
3275,0.3275,5.086502912346418e-09
3276,0.3276,5.139526990085855e-09
3277,0.3277,5.193121831535349e-09
3278,0.32780000000000004,5.247293734877226e-09
3279,0.3279,5.302049117555291e-09
3280,0.328,5.3573945822254814e-09
3281,0.3281,5.413336723498859e-09
3282,0.3282,5.469882170507239e-09
3283,0.32830000000000004,5.527037703132299e-09
3284,0.3284,5.5848101941122375e-09
3285,0.3285,5.643206570418698e-09
3286,0.3286,5.702233813327571e-09
3287,0.3287,5.7618989352239005e-09
3288,0.32880000000000004,5.822209173578578e-09
3289,0.3289,5.883171777878387e-09
3290,0.329,5.94479406008732e-09
3291,0.3291,6.007083410258635e-09
3292,0.3292,6.070047389846111e-09
3293,0.32930000000000004,6.1336935726781165e-09
3294,0.3294,6.198029595480266e-09
3295,0.3295,6.263063290118878e-09
3296,0.3296,6.328802540018367e-09
3297,0.3297,6.395255253000046e-09
3298,0.32980000000000004,6.4624295052587865e-09
3299,0.3299,6.530333389824578e-09
3300,0.33,6.5989751956515335e-09
3301,0.3301,6.668363314441156e-09
3302,0.3302,6.738506049912154e-09
3303,0.33030000000000004,6.809412104718232e-09
3304,0.3304,6.881089984689629e-09
3305,0.3305,6.953548466386267e-09
3306,0.3306,7.026796363489322e-09
3307,0.3307,7.100842718003335e-09
3308,0.33080000000000004,7.175696527417122e-09
3309,0.3309,7.251366971030023e-09
3310,0.331,7.327863250115492e-09
3311,0.3311,7.405194794954686e-09
3312,0.3312,7.483371179209749e-09
3313,0.33130000000000004,7.562401854358656e-09
3314,0.33140000000000003,7.642296649910591e-09
3315,0.3315,7.723065328143045e-09
3316,0.3316,7.804717920403717e-09
3317,0.3317,7.88726439489158e-09
3318,0.33180000000000004,7.97071502839558e-09
3319,0.33190000000000003,8.055080054357118e-09
3320,0.332,8.14036999569663e-09
3321,0.3321,8.22659534789406e-09
3322,0.3322,8.313766849336568e-09
3323,0.33230000000000004,8.401895242539448e-09
3324,0.33240000000000003,8.49099145843531e-09
3325,0.3325,8.581066628406984e-09
3326,0.3326,8.672131939395419e-09
3327,0.3327,8.764198716386137e-09
3328,0.33280000000000004,8.857278485414303e-09
3329,0.33290000000000003,8.95138276177931e-09
3330,0.333,9.046523379992988e-09
3331,0.3331,9.142712195593513e-09
3332,0.3332,9.239961242386668e-09
3333,0.33330000000000004,9.338282685510641e-09
3334,0.33340000000000003,9.437688892408724e-09
3335,0.3335,9.53819228361007e-09
3336,0.3336,9.639805553174167e-09
3337,0.3337,9.74254139745243e-09
3338,0.33380000000000004,9.846412810406607e-09
3339,0.33390000000000003,9.951432824059928e-09
3340,0.334,1.005761470554124e-08
3341,0.3341,1.0164971854940181e-08
3342,0.3342,1.0273517876449806e-08
3343,0.33430000000000004,1.038326643273237e-08
3344,0.33440000000000003,1.0494231390945316e-08
3345,0.3345,1.0606426925622348e-08
3346,0.3346,1.0719867223066062e-08
3347,0.3347,1.0834566615588803e-08
3348,0.33480000000000004,1.0950539791036802e-08
3349,0.33490000000000003,1.1067801465381821e-08
3350,0.335,1.1186366548721695e-08
3351,0.3351,1.1306250189030529e-08
3352,0.3352,1.1427467634087467e-08
3353,0.33530000000000004,1.1550034429376213e-08
3354,0.33540000000000003,1.167396619692918e-08
3355,0.3355,1.1799278884761935e-08
3356,0.3356,1.1925988438732143e-08
3357,0.3357,1.2054111202493426e-08
3358,0.33580000000000004,1.2183663636801582e-08
3359,0.33590000000000003,1.2314662295886593e-08
3360,0.336,1.2447124152593907e-08
3361,0.3361,1.2581066154905916e-08
3362,0.3362,1.2716505666117538e-08
3363,0.33630000000000004,1.285346008853177e-08
3364,0.33640000000000003,1.2991947196842368e-08
3365,0.3365,1.313198483299441e-08
3366,0.3366,1.3273591223923062e-08
3367,0.3367,1.3416784624613798e-08
3368,0.33680000000000004,1.3561583596238857e-08
3369,0.33690000000000003,3.6803941552043475e-09
3370,0.337,3.721252142941771e-09
3371,0.3371,3.762580394027452e-09
3372,0.3372,3.804384616500436e-09
3373,0.3373,3.846670476950543e-09
3374,0.33740000000000003,3.889443743737564e-09
3375,0.3375,3.9327102672255414e-09
3376,0.3376,3.976476019721232e-09
3377,0.3377,4.0207469801144925e-09
3378,0.3378,4.065529189668238e-09
3379,0.33790000000000003,4.110828887630997e-09
3380,0.338,4.156652188544274e-09
3381,0.3381,4.20300558061479e-09
3382,0.3382,4.249895244015928e-09
3383,0.3383,4.2973278086917175e-09
3384,0.33840000000000003,4.345309776160823e-09
3385,0.3385,4.393847774884252e-09
3386,0.3386,4.4429485724256305e-09
3387,0.3387,4.492618871869577e-09
3388,0.3388,4.542865623465412e-09
3389,0.33890000000000003,4.593695797096629e-09
3390,0.339,4.645116538265549e-09
3391,0.3391,4.697134884317485e-09
3392,0.3392,4.749758176425438e-09
3393,0.3393,4.802993651752032e-09
3394,0.33940000000000003,4.856848855683153e-09
3395,0.3395,4.911331213729854e-09
3396,0.3396,4.966448456000115e-09
3397,0.3397,5.022208224909091e-09
3398,0.3398,5.0786183235701735e-09
3399,0.33990000000000004,5.135686699980075e-09
3400,0.34,5.193421431175594e-09
3401,0.3401,5.251830530828363e-09
3402,0.3402,5.310922334416402e-09
3403,0.3403,5.370705122322236e-09
3404,0.34040000000000004,5.431187248239942e-09
3405,0.3405,5.4923774244658105e-09
3406,0.3406,5.554284143815431e-09
3407,0.3407,5.616916262072697e-09
3408,0.3408,5.6802826607963e-09
3409,0.34090000000000004,5.7443923237531424e-09
3410,0.341,5.809254276712797e-09
3411,0.3411,5.874877885265354e-09
3412,0.3412,5.941272372292271e-09
3413,0.3413,6.008447256607515e-09
3414,0.34140000000000004,6.076412127838259e-09
3415,0.3415,6.145176658599315e-09
3416,0.3416,6.2147506368379555e-09
3417,0.3417,6.285144175599598e-09
3418,0.3418,6.3563672175290925e-09
3419,0.34190000000000004,6.428430071042905e-09
3420,0.342,6.501343051773708e-09
3421,0.3421,6.575116631886318e-09
3422,0.3422,6.649761448363906e-09
3423,0.3423,6.725288226508547e-09
3424,0.34240000000000004,6.801707941623905e-09
3425,0.3425,6.87903152037042e-09
3426,0.3426,6.957270265047362e-09
3427,0.3427,7.03643542962936e-09
3428,0.3428,7.116538458272972e-09
3429,0.34290000000000004,7.1975910624343614e-09
3430,0.343,7.279605014877457e-09
3431,0.3431,7.362592101174497e-09
3432,0.3432,7.446564556965926e-09
3433,0.3433,7.531534554262452e-09
3434,0.34340000000000004,7.617514533520088e-09
3435,0.3435,7.704517005451959e-09
3436,0.3436,7.792554737568311e-09
3437,0.3437,7.881640572073417e-09
3438,0.3438,7.971787608464245e-09
3439,0.34390000000000004,8.06300914303001e-09
3440,0.34400000000000003,8.155318425629212e-09
3441,0.3441,8.248729207609462e-09
3442,0.3442,8.343255068472334e-09
3443,0.3443,8.438910097964318e-09
3444,0.34440000000000004,8.535708397064744e-09
3445,0.34450000000000003,8.633664208029198e-09
3446,0.3446,8.732792081246437e-09
3447,0.3447,8.83310665201118e-09
3448,0.3448,8.9346228236655e-09
3449,0.34490000000000004,9.037355690658184e-09
3450,0.34500000000000003,9.141320534728478e-09
3451,0.3451,9.246532857722867e-09
3452,0.3452,9.353008235287299e-09
3453,0.3453,9.46076267541591e-09
3454,0.34540000000000004,9.569812215661635e-09
3455,0.34550000000000003,9.68017315140086e-09
3456,0.3456,9.791862101413802e-09
3457,0.3457,9.904895702462187e-09
3458,0.3458,1.001929097643324e-08
3459,0.34590000000000004,1.0135065081956685e-08
3460,0.34600000000000003,1.025223551049923e-08
3461,0.3461,1.0370819890838868e-08
3462,0.3462,1.0490836115842989e-08
3463,0.3463,1.0612302277457963e-08
3464,0.34640000000000004,1.073523674869789e-08
3465,0.34650000000000003,1.0859658196285095e-08
3466,0.3466,1.09855854093152e-08
3467,0.3467,1.1113037593884323e-08
3468,0.3468,1.1242033993182065e-08
3469,0.34690000000000004,1.1372594354043658e-08
3470,0.34700000000000003,1.1504738518292641e-08
3471,0.3471,1.1638486639866995e-08
3472,0.3472,1.1773859156566806e-08
3473,0.3473,1.191087675765529e-08
3474,0.34740000000000004,1.2049560470252558e-08
3475,0.34750000000000003,1.2189931475315405e-08
3476,0.3476,1.2332011386667916e-08
3477,0.3477,1.2475821993178461e-08
3478,0.3478,1.2621385443611868e-08
3479,0.34790000000000004,1.2768724185550943e-08
3480,0.34800000000000003,1.2917860920633143e-08
3481,0.3481,1.306881861720058e-08
3482,0.3482,1.3221620781755894e-08
3483,0.3483,1.3376290991288258e-08
3484,0.34840000000000004,1.353285321803256e-08
3485,0.34850000000000003,1.3691331772443143e-08
3486,0.3486,3.8481418174840335e-09
3487,0.3487,3.894370806464645e-09
3488,0.3488,3.941179195587177e-09
3489,0.34890000000000004,3.988574556829736e-09
3490,0.34900000000000003,4.036564667927961e-09
3491,0.3491,4.085157240850326e-09
3492,0.3492,4.134360370715349e-09
3493,0.3493,4.184181914108685e-09
3494,0.34940000000000004,4.23463010700522e-09
3495,0.34950000000000003,4.285713251950456e-09
3496,0.3496,4.3374396150381325e-09
3497,0.3497,4.389817813630988e-09
3498,0.3498,4.442856379435125e-09
3499,0.34990000000000004,4.496564018411881e-09
3500,0.35000000000000003,4.550949652302989e-09
3501,0.3501,4.606022241331296e-09
3502,0.3502,4.6617908586050716e-09
3503,0.3503,4.718264743987448e-09
3504,0.3504,4.775453213380556e-09
3505,0.35050000000000003,4.833365849021517e-09
3506,0.3506,4.89201218551241e-09
3507,0.3507,4.951401991065722e-09
3508,0.3508,5.011545193332483e-09
3509,0.3509,5.07245178854484e-09
3510,0.35100000000000003,5.134131957538706e-09
3511,0.3511,5.196595966596027e-09
3512,0.3512,5.259854337417077e-09
3513,0.3513,5.323917602957443e-09
3514,0.3514,5.388796622481108e-09
3515,0.35150000000000003,5.45450218808037e-09
3516,0.3516,5.521045381274123e-09
3517,0.3517,5.5884374530828374e-09
3518,0.3518,5.65668967899735e-09
3519,0.3519,5.7258137284652855e-09
3520,0.35200000000000004,5.7958212086572825e-09
3521,0.3521,5.8667239883489164e-09
3522,0.3522,5.938534086093083e-09
3523,0.3523,6.0112637701599455e-09
3524,0.3524,6.084925263709686e-09
3525,0.35250000000000004,6.159531235402606e-09
3526,0.3526,6.235094375734232e-09
3527,0.3527,6.311627513548759e-09
3528,0.3528,6.389143853447285e-09
3529,0.3529,6.4676565641510355e-09
3530,0.35300000000000004,6.547179203190343e-09
3531,0.3531,6.6277253258794266e-09
3532,0.3532,6.7093088436265195e-09
3533,0.3533,6.791943774346569e-09
3534,0.3534,6.875644434366444e-09
3535,0.35350000000000004,6.960425121890128e-09
3536,0.3536,7.046300554947499e-09
3537,0.3537,7.133285634130092e-09
3538,0.3538,7.2213954177845876e-09
3539,0.3539,7.310645218236799e-09
3540,0.35400000000000004,7.401050552014634e-09
3541,0.3541,7.492627085808831e-09
3542,0.3542,7.585390753658892e-09
3543,0.3543,7.679357870157569e-09
3544,0.3544,7.774544842486968e-09
3545,0.35450000000000004,7.870968212344865e-09
3546,0.3546,7.968644990764922e-09
3547,0.3547,8.067592257054572e-09
3548,0.3548,8.167827426740854e-09
3549,0.3549,8.269368118043542e-09
3550,0.35500000000000004,8.37223229452357e-09
3551,0.3551,8.476437984874409e-09
3552,0.3552,8.582003752296856e-09
3553,0.3553,8.688948179676772e-09
3554,0.3554,8.79729023015099e-09
3555,0.35550000000000004,8.907049163738572e-09
3556,0.3556,9.018244495780337e-09
3557,0.3557,9.130895951111473e-09
3558,0.3558,9.24502372875979e-09
3559,0.3559,9.360648095325972e-09
3560,0.35600000000000004,9.47778979241989e-09
3561,0.3561,9.596469705427899e-09
3562,0.3562,9.716709178838811e-09
3563,0.3563,9.838529781475795e-09
3564,0.3564,9.961953407685792e-09
3565,0.35650000000000004,1.0087002290381149e-08
3566,0.35660000000000003,1.021369900989568e-08
3567,0.3567,1.0342066418695662e-08
3568,0.3568,1.0472127704865108e-08
3569,0.3569,1.0603906409383683e-08
3570,0.35700000000000004,1.0737426527663015e-08
3571,0.35710000000000003,1.0872712206835318e-08
3572,0.3572,1.1009788133605846e-08
3573,0.3573,1.114867926942501e-08
3574,0.3574,1.1289410850836528e-08
3575,0.35750000000000004,1.1432008718782956e-08
3576,0.35760000000000003,1.157649893130444e-08
3577,0.3577,1.1722907936814529e-08
3578,0.3578,1.1871262684352109e-08
3579,0.3579,1.2021590307583116e-08
3580,0.35800000000000004,1.2173918631815098e-08
3581,0.35810000000000003,1.2328275549700292e-08
3582,0.3582,1.248468976923088e-08
3583,0.3583,1.2643190075139201e-08
3584,0.3584,1.2803805849009334e-08
3585,0.35850000000000004,1.2966566905128942e-08
3586,0.35860000000000003,1.3131503393751076e-08
3587,0.3587,1.3298646114654552e-08
3588,0.3588,1.3468026124360555e-08
3589,0.3589,1.3639675062457333e-08
3590,0.35900000000000004,1.3813624982963241e-08
3591,0.35910000000000003,1.3989908490418834e-08
3592,0.3592,4.05584175150075e-09
3593,0.3593,4.108812158019774e-09
3594,0.3594,4.162508565306799e-09
3595,0.35950000000000004,4.21694149194785e-09
3596,0.35960000000000003,4.272121577882286e-09
3597,0.3597,4.328059669423152e-09
3598,0.3598,4.384766683703643e-09
3599,0.3599,4.442253757359479e-09
3600,0.36000000000000004,4.500532200102195e-09
3601,0.36010000000000003,4.559613486447184e-09
3602,0.3602,4.619509289920048e-09
3603,0.3603,4.6802314153093385e-09
3604,0.3604,4.741791866857443e-09
3605,0.36050000000000004,4.804202942081455e-09
3606,0.36060000000000003,4.8674769258769646e-09
3607,0.3607,4.931626375577454e-09
3608,0.3608,4.9966641255704734e-09
3609,0.3609,5.062603151423225e-09
3610,0.36100000000000004,5.129456557283496e-09
3611,0.36110000000000003,5.197237729394083e-09
3612,0.3612,5.265960323681316e-09
3613,0.3613,5.33563799332666e-09
3614,0.3614,5.4062848790346115e-09
3615,0.36150000000000004,5.47791505955619e-09
3616,0.36160000000000003,5.550543063474415e-09
3617,0.3617,5.624183524183614e-09
3618,0.3618,5.698851329397636e-09
3619,0.3619,5.774561578787193e-09
3620,0.36200000000000004,5.851329639767518e-09
3621,0.36210000000000003,5.929171164933078e-09
3622,0.3622,6.008101874514299e-09
3623,0.3623,6.088137953932422e-09
3624,0.3624,6.169295678201175e-09
3625,0.36250000000000004,6.251591655780844e-09
3626,0.36260000000000003,6.3350427092431094e-09
3627,0.3627,6.419665991068456e-09
3628,0.3628,6.505478859959126e-09
3629,0.3629,6.592498975282933e-09
3630,0.36300000000000004,6.680744301744916e-09
3631,0.36310000000000003,6.77023298127881e-09
3632,0.3632,6.86098354321272e-09
3633,0.3633,6.953014733343684e-09
3634,0.3634,7.046345767142049e-09
3635,0.3635,7.140995875823919e-09
3636,0.36360000000000003,7.236984833936469e-09
3637,0.3637,7.334332629706185e-09
3638,0.3638,7.433059516805007e-09
3639,0.3639,7.533186233624454e-09
3640,0.364,7.634733729091755e-09
3641,0.36410000000000003,7.737723231653628e-09
3642,0.3642,7.842176442969957e-09
3643,0.3643,7.948115345140485e-09
3644,0.3644,8.05556219676003e-09
3645,0.3645,8.164539743965475e-09
3646,0.36460000000000004,8.275070997412777e-09
3647,0.3647,8.38717939179386e-09
3648,0.3648,8.50088870461849e-09
3649,0.3649,8.616223129830724e-09
3650,0.365,8.733207127640149e-09
3651,0.36510000000000004,8.851865726346238e-09
3652,0.3652,8.97222421719698e-09
3653,0.3653,9.094308383112462e-09
3654,0.3654,9.21814442173134e-09
3655,0.3655,9.343758803653285e-09
3656,0.36560000000000004,9.471178622124699e-09
3657,0.3657,9.600431248722096e-09
3658,0.3658,9.731544678919565e-09
3659,0.3659,9.864547178950388e-09
3660,0.366,9.999467514974268e-09
3661,0.36610000000000004,1.0136334919169623e-08
3662,0.3662,1.0275179250170784e-08
3663,0.3663,1.0416030583366897e-08
3664,0.3664,1.0558919686619035e-08
3665,0.3665,1.070387766662987e-08
3666,0.36660000000000004,1.0850936319667698e-08
3667,0.3667,1.1000127808018269e-08
3668,0.3668,1.1151484963337093e-08
3669,0.3669,1.1305040910955308e-08
3670,0.367,1.1460829537816856e-08
3671,0.36710000000000004,1.1618885134025551e-08
3672,0.3672,1.177924276588429e-08
3673,0.3673,1.1941937769941562e-08
3674,0.3674,1.2107006329757764e-08
3675,0.3675,1.2274485026129858e-08
3676,0.36760000000000004,1.2444411206188134e-08
3677,0.3677,1.2616822646044404e-08
3678,0.3678,1.2791757889758282e-08
3679,0.3679,1.2969256076724814e-08
3680,0.368,1.3149357003207636e-08
3681,0.36810000000000004,1.3332101001588264e-08
3682,0.3682,1.3517529188625844e-08
3683,0.3683,1.370568335350112e-08
3684,0.3684,1.3896605928250146e-08
3685,0.3685,1.4090340097257962e-08
3686,0.36860000000000004,4.196751392402214e-09
3687,0.3687,4.256505517755595e-09
3688,0.3688,4.31715706367296e-09
3689,0.3689,4.378720294789136e-09
3690,0.369,4.44120977774588e-09
3691,0.36910000000000004,4.50464022482862e-09
3692,0.36920000000000003,4.5690265289867955e-09
3693,0.3693,4.63438403416717e-09
3694,0.3694,4.700728200354796e-09
3695,0.3695,4.768074703964761e-09
3696,0.36960000000000004,4.836439708442122e-09
3697,0.36970000000000003,4.905839441851191e-09
3698,0.3698,4.976290423790332e-09
3699,0.3699,5.047809513764071e-09
3700,0.37,5.120413920349365e-09
3701,0.37010000000000004,5.194121048832666e-09
3702,0.37020000000000003,5.268948549491195e-09
3703,0.3703,5.344914518845957e-09
3704,0.3704,5.422037281761076e-09
3705,0.3705,5.500335452917554e-09
3706,0.37060000000000004,5.5798279808984185e-09
3707,0.37070000000000003,5.660534166105945e-09
3708,0.3708,5.742473656835725e-09
3709,0.3709,5.825666384087021e-09
3710,0.371,5.910132623189908e-09
3711,0.37110000000000004,5.99589307304288e-09
3712,0.37120000000000003,6.082968650841925e-09
3713,0.3713,6.17138074201711e-09
3714,0.3714,6.26115109568135e-09
3715,0.3715,6.352301807560379e-09
3716,0.37160000000000004,6.444855390569073e-09
3717,0.37170000000000003,6.538834582406236e-09
3718,0.3718,6.634262784435326e-09
3719,0.3719,6.731163579945771e-09
3720,0.372,6.829561085441612e-09
3721,0.37210000000000004,6.929479775740562e-09
3722,0.37220000000000003,7.030944607365158e-09
3723,0.3723,7.133980904964544e-09
3724,0.3724,7.238614396920049e-09
3725,0.3725,7.344871378443609e-09
3726,0.37260000000000004,7.452778562855361e-09
3727,0.37270000000000003,7.562363086505467e-09
3728,0.3728,7.67365257527349e-09
3729,0.3729,7.786675206774885e-09
3730,0.373,7.90145953065282e-09
3731,0.37310000000000004,8.018034636292762e-09
3732,0.37320000000000003,8.136430184325155e-09
3733,0.3733,8.256676328082903e-09
3734,0.3734,8.378803701005984e-09
3735,0.3735,8.502843575864676e-09
3736,0.37360000000000004,8.62882764520728e-09
3737,0.37370000000000003,8.756788308432483e-09
3738,0.3738,8.886758315507249e-09
3739,0.3739,9.018771243765537e-09
3740,0.374,9.152861110710008e-09
3741,0.37410000000000004,9.28906262169571e-09
3742,0.37420000000000003,9.427410998641363e-09
3743,0.3743,9.567942197036382e-09
3744,0.3744,9.71069270370177e-09
3745,0.3745,9.855699749512514e-09
3746,0.37460000000000004,1.000300114241478e-08
3747,0.37470000000000003,1.0152635400755037e-08
3748,0.3748,1.0304641798391804e-08
3749,0.3749,1.0459060179899517e-08
3750,0.375,1.0615931235555153e-08
3751,0.37510000000000004,1.077529621921041e-08
3752,0.37520000000000003,1.0937197303084564e-08
3753,0.3753,1.1101677282297874e-08
3754,0.3754,1.1268779739501586e-08
3755,0.3755,1.1438549161042681e-08
3756,0.37560000000000004,1.1611030672253014e-08
3757,0.37570000000000003,1.1786270317462788e-08
3758,0.3758,1.1964314843931987e-08
3759,0.3759,1.2145211990964058e-08
3760,0.376,1.2329010327043872e-08
3761,0.37610000000000005,1.2515759215381725e-08
3762,0.37620000000000003,1.270550893029291e-08
3763,0.3763,1.2898310787078892e-08
3764,0.3764,1.3094216908003885e-08
3765,0.3765,1.329328038319373e-08
3766,0.3766,1.3495555222981577e-08
3767,0.37670000000000003,1.3701096567922198e-08
3768,0.3768,1.3909960334613273e-08
3769,0.3769,1.412220365238546e-08
3770,0.377,4.307699891863747e-09
3771,0.3771,4.374710185452824e-09
3772,0.37720000000000004,4.442824766069662e-09
3773,0.3773,4.512062773307521e-09
3774,0.3774,4.582443909313787e-09
3775,0.3775,4.653988234656335e-09
3776,0.3776,4.726716199953489e-09
3777,0.37770000000000004,4.800648454768881e-09
3778,0.3778,4.8758062355953755e-09
3779,0.3779,4.952211023334241e-09
3780,0.378,5.029884900328733e-09
3781,0.3781,5.108850131852274e-09
3782,0.37820000000000004,5.189129527709808e-09
3783,0.3783,5.270746313507655e-09
3784,0.3784,5.353724086533172e-09
3785,0.3785,5.438086994820172e-09
3786,0.3786,5.523859626187294e-09
3787,0.37870000000000004,5.611066847957023e-09
3788,0.3788,5.69973422287833e-09
3789,0.3789,5.789887750760301e-09
3790,0.379,5.881553793007397e-09
3791,0.3791,5.974759332450128e-09
3792,0.37920000000000004,6.069531781773958e-09
3793,0.3793,6.1658991943550454e-09
3794,0.3794,6.263890054708298e-09
3795,0.3795,6.3635333282645995e-09
3796,0.3796,6.464858708262674e-09
3797,0.37970000000000004,6.567896303119249e-09
3798,0.3798,6.672676923686445e-09
3799,0.3799,6.779231828682802e-09
3800,0.38,6.887592900072294e-09
3801,0.3801,6.9977927245552545e-09
3802,0.38020000000000004,7.109864468868111e-09
3803,0.3803,7.223841871530471e-09
3804,0.3804,7.339759432030119e-09
3805,0.3805,7.457652236718456e-09
3806,0.3806,7.577555937086705e-09
3807,0.38070000000000004,7.69950717711536e-09
3808,0.3808,7.823542956629055e-09
3809,0.3809,7.949701202383209e-09
3810,0.381,8.078020616414937e-09
3811,0.3811,8.208540416253967e-09
3812,0.38120000000000004,8.341300852701455e-09
3813,0.38130000000000003,8.476342720833872e-09
3814,0.3814,8.613707693615449e-09
3815,0.3815,8.75343840850561e-09
3816,0.3816,8.895578050009957e-09
3817,0.38170000000000004,9.040170809635453e-09
3818,0.38180000000000003,9.187261797071781e-09
3819,0.3819,9.336896843105293e-09
3820,0.382,9.489122761876735e-09
3821,0.3821,9.643987252941271e-09
3822,0.38220000000000004,9.801539109770064e-09
3823,0.38230000000000003,9.961827747572998e-09
3824,0.3824,1.012490383109714e-08
3825,0.3825,1.0290818951308957e-08
3826,0.3826,1.0459625721322677e-08
3827,0.38270000000000004,1.0631377737036806e-08
3828,0.38280000000000003,1.0806129668667006e-08
3829,0.3829,1.098393731628421e-08
3830,0.383,1.1164857507299906e-08
3831,0.3831,1.1348948260433392e-08
3832,0.38320000000000004,1.1536268665137184e-08
3833,0.38330000000000003,1.1726879109007015e-08
3834,0.3834,1.1920841121095725e-08
3835,0.3835,1.2118217364275429e-08
3836,0.3836,1.231907193078079e-08
3837,0.38370000000000004,1.2523469936607745e-08
3838,0.38380000000000003,1.273147810683311e-08
3839,0.3839,1.2943164193406194e-08
3840,0.384,1.3158597583423e-08
3841,0.3841,1.337784881179821e-08
3842,0.38420000000000004,1.3600989988713738e-08
3843,0.38430000000000003,1.3828094651970488e-08
3844,0.3844,1.4059237700731812e-08
3845,0.3845,1.4294495751001541e-08
3846,0.3846,4.454632210274609e-09
3847,0.38470000000000004,4.530510860843379e-09
3848,0.38480000000000003,4.607763429296147e-09
3849,0.3849,4.686416506684534e-09
3850,0.385,4.766496964957083e-09
3851,0.3851,4.848032466104546e-09
3852,0.38520000000000004,4.931051035999034e-09
3853,0.38530000000000003,5.015581483002765e-09
3854,0.3854,5.101652967027102e-09
3855,0.3855,5.189295522938003e-09
3856,0.3856,5.278539538531104e-09
3857,0.38570000000000004,5.369416187207168e-09
3858,0.38580000000000003,5.461957283311454e-09
3859,0.3859,5.556195164561163e-09
3860,0.386,5.652163070632097e-09
3861,0.3861,5.749894770792883e-09
3862,0.38620000000000004,5.849424737674854e-09
3863,0.38630000000000003,5.950788157253622e-09
3864,0.3864,6.0540210300113584e-09
3865,0.3865,6.159160108112565e-09
3866,0.3866,6.266242764070452e-09
3867,0.38670000000000004,6.375307265214155e-09
3868,0.38680000000000003,6.4863926835369795e-09
3869,0.3869,6.599538887559157e-09
3870,0.387,6.714786607222943e-09
3871,0.3871,6.832177352756074e-09
3872,0.38720000000000004,6.951753653151426e-09
3873,0.38730000000000003,7.073558746741308e-09
3874,0.3874,7.1976369568092195e-09
3875,0.3875,7.3240334003715115e-09
3876,0.3876,7.452794194906901e-09
3877,0.38770000000000004,7.583966546489227e-09
3878,0.38780000000000003,7.717598513240787e-09
3879,0.3879,7.853739244324101e-09
3880,0.388,7.992438898897505e-09
3881,0.3881,8.133748702294842e-09
3882,0.38820000000000005,8.277721038926662e-09
3883,0.38830000000000003,8.424409380416201e-09
3884,0.3884,8.573868277769072e-09
3885,0.3885,8.726153509354313e-09
3886,0.3886,8.8813220640778e-09
3887,0.38870000000000005,9.039432097014564e-09
3888,0.38880000000000003,9.200543068436059e-09
3889,0.3889,9.364715717888221e-09
3890,0.389,9.532011955624999e-09
3891,0.3891,9.702495258792092e-09
3892,0.38920000000000005,9.876230255548383e-09
3893,0.38930000000000003,1.0053283126015705e-08
3894,0.3894,1.0233721493941352e-08
3895,0.3895,1.0417614272241727e-08
3896,0.3896,1.0605032018470374e-08
3897,0.38970000000000005,1.0796046762146067e-08
3898,0.38980000000000004,1.0990732241073188e-08
3899,0.3899,1.1189163576869394e-08
3900,0.39,1.1391417630909256e-08
3901,0.3901,1.1597572988052574e-08
3902,0.3902,1.1807709977169692e-08
3903,0.39030000000000004,1.2021910516730202e-08
3904,0.3904,1.2240258549657674e-08
3905,0.3905,1.246283969110404e-08
3906,0.3906,1.2689741483919164e-08
3907,0.3907,1.2921053460929274e-08
3908,0.39080000000000004,1.3156867082830977e-08
3909,0.3909,1.3397275782048868e-08
3910,0.391,1.3642375149647544e-08
3911,0.3911,1.3892262818017311e-08
3912,0.3912,1.4147038721802645e-08
3913,0.39130000000000004,1.4406804837603298e-08
3914,0.3914,4.576350171256458e-09
3915,0.3915,4.66177803034657e-09
3916,0.3916,4.7489060566887535e-09
3917,0.3917,4.837770453500478e-09
3918,0.39180000000000004,4.928408067474561e-09
3919,0.3919,5.020856539809299e-09
3920,0.392,5.11515448752721e-09
3921,0.3921,5.211341338152186e-09
3922,0.3922,5.309457499571095e-09
3923,0.39230000000000004,5.4095441182681486e-09
3924,0.3924,5.511643418140701e-09
3925,0.3925,5.615798581433308e-09
3926,0.3926,5.722053722117117e-09
3927,0.3927,5.8304540352673755e-09
3928,0.39280000000000004,5.941045622299582e-09
3929,0.3929,6.053875779437347e-09
3930,0.393,6.168992841545221e-09
3931,0.3931,6.286446155567125e-09
3932,0.3932,6.406286452837302e-09
3933,0.39330000000000004,6.528565331130172e-09
3934,0.3934,6.653335775480298e-09
3935,0.3935,6.780652006692774e-09
3936,0.3936,6.910569329620018e-09
3937,0.3937,7.043144441005075e-09
3938,0.39380000000000004,7.1784354776371396e-09
3939,0.39390000000000003,7.316501692833462e-09
3940,0.394,7.45740384821545e-09
3941,0.3941,7.60120415975958e-09
3942,0.3942,7.74796616935789e-09
3943,0.39430000000000004,7.897754941786984e-09
3944,0.39440000000000003,8.050637280585183e-09
3945,0.3945,8.206681162402831e-09
3946,0.3946,8.365956527440098e-09
3947,0.3947,8.5285346742116e-09
3948,0.39480000000000004,8.694488848016354e-09
3949,0.39490000000000003,8.863893819382809e-09
3950,0.395,9.036826172486645e-09
3951,0.3951,9.213364379599668e-09
3952,0.3952,9.393588668183099e-09
3953,0.39530000000000004,9.577581228198182e-09
3954,0.39540000000000003,9.765426228483688e-09
3955,0.3955,9.957209735175368e-09
3956,0.3956,1.0153019994013295e-08
3957,0.3957,1.0352947236933674e-08
3958,0.39580000000000004,1.0557083945947167e-08
3959,0.39590000000000003,1.0765524879223161e-08
3960,0.396,1.0978366760855607e-08
3961,0.3961,1.1195709012180507e-08
3962,0.3962,1.141765326429899e-08
3963,0.39630000000000004,1.1644303538399525e-08
3964,0.39640000000000003,1.1875766435701838e-08
3965,0.3965,1.2112151243489384e-08
3966,0.3966,1.2353569739523955e-08
3967,0.3967,1.2600136384586326e-08
3968,0.39680000000000004,1.2851968519984726e-08
3969,0.39690000000000003,1.310918627974289e-08
3970,0.397,1.337191284922036e-08
3971,0.3971,1.3640274213501521e-08
3972,0.3972,1.3914399519231001e-08
3973,0.39730000000000004,1.4194421179210086e-08
3974,0.39740000000000003,1.4480474609129459e-08
3975,0.3975,4.6796782072555746e-09
3976,0.3976,4.775449582558585e-09
3977,0.3977,4.873315590009459e-09
3978,0.39780000000000004,4.973325161904526e-09
3979,0.39790000000000003,5.07552835546798e-09
3980,0.398,5.179976577226518e-09
3981,0.3981,5.286722415574994e-09
3982,0.3982,5.395819926398876e-09
3983,0.39830000000000004,5.507324320039522e-09
3984,0.39840000000000003,5.621292369218206e-09
3985,0.3985,5.737782251093648e-09
3986,0.3986,5.856853377323245e-09
3987,0.3987,5.978566981118009e-09
3988,0.39880000000000004,6.102985625471127e-09
3989,0.39890000000000003,6.230173552979421e-09
3990,0.399,6.360196560784864e-09
3991,0.3991,6.4931221342731276e-09
3992,0.3992,6.6290195574237315e-09
3993,0.39930000000000004,6.767959684166476e-09
3994,0.39940000000000003,6.910015439702596e-09
3995,0.3995,7.055261375289987e-09
3996,0.3996,7.203774019029918e-09
3997,0.3997,7.355631918330266e-09
3998,0.39980000000000004,7.51091547490704e-09
3999,0.39990000000000003,7.669707399897294e-09
4000,0.4,7.83209232027368e-09
4001,0.4001,7.998157118616076e-09
4002,0.4002,8.167990952352811e-09
4003,0.40030000000000004,8.341685171497133e-09
4004,0.40040000000000003,8.519333533835903e-09
4005,0.4005,8.701032368465609e-09
4006,0.4006,8.886880333146345e-09
4007,0.4007,9.076978658171391e-09
4008,0.40080000000000005,9.271431291305553e-09
4009,0.40090000000000003,9.470344801737311e-09
4010,0.401,9.673828683615102e-09
4011,0.4011,9.881995134809504e-09
4012,0.4012,1.0094959353594508e-08
4013,0.40130000000000005,1.0312839622733064e-08
4014,0.40140000000000003,1.0535757225580428e-08
4015,0.4015,1.076383671255503e-08
4016,0.4016,1.0997205928751263e-08
4017,0.4017,1.1235996036848928e-08
4018,0.40180000000000005,1.1480341663291227e-08
4019,0.40190000000000003,1.1730381139498912e-08
4020,0.402,1.1986256257346165e-08
4021,0.4021,1.2248112731053025e-08
4022,0.4022,1.2516100149703251e-08
4023,0.40230000000000005,1.279037201985658e-08
4024,0.40240000000000004,1.307108599335408e-08
4025,0.4025,1.3358403957756696e-08
4026,0.4026,1.3652492084166359e-08
4027,0.4027,1.3953521050884098e-08
4028,0.40280000000000005,1.4261666131967535e-08
4029,0.40290000000000004,1.4577107300171377e-08
4030,0.403,4.785322209085979e-09
4031,0.4031,4.892709899912846e-09
4032,0.4032,5.002677687109623e-09
4033,0.4033,5.115291889565214e-09
4034,0.40340000000000004,5.230620510486437e-09
4035,0.4035,5.34873349882992e-09
4036,0.4036,5.4697026897366125e-09
4037,0.4037,5.593601961564053e-09
4038,0.4038,5.720507114478575e-09
4039,0.40390000000000004,5.850496118133367e-09
4040,0.404,5.983649097583724e-09
4041,0.4041,6.120048354931082e-09
4042,0.4042,6.2597785340447316e-09
4043,0.4043,6.402926585205624e-09
4044,0.40440000000000004,6.549581939603125e-09
4045,0.4045,6.699836359600742e-09
4046,0.4046,6.853784425975081e-09
4047,0.4047,7.01152312354743e-09
4048,0.4048,7.17315233352029e-09
4049,0.40490000000000004,7.338774693643909e-09
4050,0.405,7.508495618225156e-09
4051,0.4051,7.682423624012787e-09
4052,0.4052,7.860670286102063e-09
4053,0.4053,8.043350222456366e-09
4054,0.40540000000000004,8.230581470563138e-09
4055,0.4055,8.42248522841661e-09
4056,0.4056,8.619186315228156e-09
4057,0.4057,8.820812986701483e-09
4058,0.4058,9.02749717848173e-09
4059,0.40590000000000004,9.239374615884314e-09
4060,0.406,9.4565849788594e-09
4061,0.4061,9.679271772563796e-09
4062,0.4062,9.907582832662735e-09
4063,0.4063,1.0141670050097977e-08
4064,0.40640000000000004,1.0381689891290627e-08
4065,0.40650000000000003,1.062780323815131e-08
4066,0.4066,1.0880175592390073e-08
4067,0.4067,1.1138977354486265e-08
4068,0.4068,1.1404383810323787e-08
4069,0.40690000000000004,1.1676575365006872e-08
4070,0.40700000000000003,1.1955737664180635e-08
4071,0.4071,1.2242061770750815e-08
4072,0.4072,1.2535744382686536e-08
4073,0.4073,1.2836987906988135e-08
4074,0.40740000000000004,1.3146000766848683e-08
4075,0.40750000000000003,1.3462997468895738e-08
4076,0.4076,1.3788198793136826e-08
4077,0.4077,1.4121832132272073e-08
4078,0.4078,1.4464131530821327e-08
4079,0.40790000000000004,1.481533807316534e-08
4080,0.40800000000000003,4.934326773422282e-09
4081,0.4081,5.0557960035209375e-09
4082,0.4082,5.180471130317582e-09
4083,0.4083,5.3084427469469715e-09
4084,0.40840000000000004,5.439803987744316e-09
4085,0.40850000000000003,5.574650957736383e-09
4086,0.4086,5.713082589153219e-09
4087,0.4087,5.855200779775769e-09
4088,0.4088,6.001110565239805e-09
4089,0.40890000000000004,6.1509202095838024e-09
4090,0.40900000000000003,6.304741153588657e-09
4091,0.4091,6.462688351538481e-09
4092,0.4092,6.624880229527099e-09
4093,0.4093,6.791438880292756e-09
4094,0.40940000000000004,6.962489985456896e-09
4095,0.40950000000000003,7.138163336666438e-09
4096,0.4096,7.3185925046426935e-09
4097,0.4097,7.503915271383389e-09
4098,0.4098,7.694273746339663e-09
4099,0.40990000000000004,7.889814284498204e-09
4100,0.41000000000000003,8.090687938795364e-09
4101,0.4101,8.297050289095123e-09
4102,0.4102,8.509061974997177e-09
4103,0.4103,8.72688841867067e-09
4104,0.41040000000000004,8.950700409052991e-09
4105,0.41050000000000003,9.180673965342049e-09
4106,0.4106,9.416990687083291e-09
4107,0.4107,9.65983786977729e-09
4108,0.4108,9.909408693339412e-09
4109,0.41090000000000004,1.0165902447180328e-08
4110,0.41100000000000003,1.042952475318106e-08
4111,0.4111,1.070048769198899e-08
4112,0.4112,1.0979010179308633e-08
4113,0.4113,1.1265318015215677e-08
4114,0.41140000000000004,1.1559644164061073e-08
4115,0.41150000000000003,1.1862229160987172e-08
4116,0.4116,1.2173321111153085e-08
4117,0.4117,1.2493176160055297e-08
4118,0.4118,1.2822058690045637e-08
4119,0.41190000000000004,1.316024149282641e-08
4120,0.41200000000000003,1.3508006304278082e-08
4121,0.4121,1.3865643863623542e-08
4122,0.4122,1.42334543665419e-08
4123,0.4123,1.4611747724372067e-08
4124,0.41240000000000004,4.930073181888427e-09
4125,0.41250000000000003,5.06283728963651e-09
4126,0.4126,5.199438185110178e-09
4127,0.4127,5.3399945256620345e-09
4128,0.4128,5.484628859951788e-09
4129,0.41290000000000004,5.633467841975629e-09
4130,0.41300000000000003,5.786642221282371e-09
4131,0.4131,5.944287184046335e-09
4132,0.4132,6.106542329042499e-09
4133,0.4133,6.273552006816208e-09
4134,0.41340000000000005,6.445465310643608e-09
4135,0.41350000000000003,6.622436333323223e-09
4136,0.4136,6.804624365781803e-09
4137,0.4137,6.99219404227571e-09
4138,0.4138,7.185315488234989e-09
4139,0.41390000000000005,7.3841646758294505e-09
4140,0.41400000000000003,7.588923382001382e-09
4141,0.4141,7.79977964226556e-09
4142,0.4142,8.016927902207694e-09
4143,0.4143,8.240569122760982e-09
4144,0.41440000000000005,8.470911176498735e-09
4145,0.41450000000000004,8.708169092905509e-09
4146,0.4146,8.952565081451234e-09
4147,0.4147,9.204329200454933e-09
4148,0.4148,9.463699236626399e-09
4149,0.41490000000000005,9.730921267209236e-09
4150,0.41500000000000004,1.0006249872880064e-08
4151,0.4151,1.0289948328905802e-08
4152,0.4152,1.0582289190858881e-08
4153,0.4153,1.088355441083556e-08
4154,0.41540000000000005,1.1194035745403154e-08
4155,0.41550000000000004,1.1514035073441184e-08
4156,0.4156,1.1843865033107633e-08
4157,0.4157,1.2183848982958853e-08
4158,0.4158,1.2534321836114578e-08
4159,0.41590000000000005,1.2895630120407325e-08
4160,0.41600000000000004,1.326813269866143e-08
4161,0.4161,1.3652201112022274e-08
4162,0.4162,1.4048220007228533e-08
4163,0.4163,1.4456587780566744e-08
4164,0.4164,1.487771688133211e-08
4165,0.41650000000000004,5.0823774615501164e-09
4166,0.4166,5.232316860670108e-09
4167,0.4167,5.387006448878179e-09
4168,0.4168,5.546607392370332e-09
4169,0.4169,5.711286465482363e-09
4170,0.41700000000000004,5.881216677070105e-09
4171,0.4171,6.056577331925231e-09
4172,0.4172,6.2375540922690975e-09
4173,0.4173,6.424339531609786e-09
4174,0.4174,6.6171332757664876e-09
4175,0.41750000000000004,6.816142242589461e-09
4176,0.4176,7.021580825359429e-09
4177,0.4177,7.233671551949149e-09
4178,0.4178,7.452644946462037e-09
4179,0.4179,7.6787401893075e-09
4180,0.41800000000000004,7.912205270306614e-09
4181,0.4181,8.15329738615184e-09
4182,0.4182,8.40228340009118e-09
4183,0.4183,8.65944000864524e-09
4184,0.4184,8.925054367579926e-09
4185,0.41850000000000004,9.199424271961532e-09
4186,0.4186,9.482858830272035e-09
4187,0.4187,9.775678791247957e-09
4188,0.4188,1.0078216935396465e-08
4189,0.4189,1.0390818699314994e-08
4190,0.41900000000000004,1.0713842551268848e-08
4191,0.41910000000000003,1.1047660639211294e-08
4192,0.4192,1.1392659333387285e-08
4193,0.4193,1.174923965592361e-08
4194,0.4194,1.2117818049923758e-08
4195,0.41950000000000004,1.2498826924468986e-08
4196,0.41960000000000003,1.2892715381049036e-08
4197,0.4197,1.329994967611876e-08
4198,0.4198,1.372101423647667e-08
4199,0.4199,1.4156412203005655e-08
4200,0.42000000000000004,1.4606666205556074e-08
4201,0.42010000000000003,5.0460525202944e-09
4202,0.4202,5.2085321835510746e-09
4203,0.4203,5.376631849196434e-09
4204,0.4204,5.550559567005503e-09
4205,0.42050000000000004,5.7305317039755746e-09
4206,0.42060000000000003,5.916773082995282e-09
4207,0.4207,6.109517402105267e-09
4208,0.4208,6.309007761072163e-09
4209,0.4209,6.515496957811744e-09
4210,0.42100000000000004,6.729247785219458e-09
4211,0.42110000000000003,6.950533661242921e-09
4212,0.4212,7.179638969157902e-09
4213,0.4213,7.416859457952399e-09
4214,0.4214,7.662502953964637e-09
4215,0.42150000000000004,7.916889568817612e-09
4216,0.42160000000000003,8.180352589010716e-09
4217,0.4217,8.453238652879881e-09
4218,0.4218,8.735908661739578e-09
4219,0.4219,9.028738187122128e-09
4220,0.42200000000000004,9.332118204652173e-09
4221,0.42210000000000003,9.646455749269695e-09
4222,0.4222,9.972174656031381e-09
4223,0.4223,1.0309716122593193e-08
4224,0.4224,1.0659539718445983e-08
4225,0.42250000000000004,1.1022123944487463e-08
4226,0.42260000000000003,1.1397967289405287e-08
4227,0.4227,1.1787589030722746e-08
4228,0.4228,1.2191530091815455e-08
4229,0.4229,1.2610354014857144e-08
4230,0.42300000000000004,1.30446481072708e-08
4231,0.42310000000000003,1.3495024270329206e-08
4232,0.4232,1.3962120405523017e-08
4233,0.4233,1.4446601213660984e-08
4234,0.4234,1.494915976676278e-08
4235,0.42350000000000004,5.221283409980907e-09
4236,0.42360000000000003,5.405116780593722e-09
4237,0.4237,5.595903955759138e-09
4238,0.4238,5.793926467889102e-09
4239,0.4239,5.999478007293317e-09
4240,0.42400000000000004,6.21286492390275e-09
4241,0.42410000000000003,6.434406919800529e-09
4242,0.4242,6.6644375675638385e-09
4243,0.4243,6.903304994497071e-09
4244,0.4244,7.151372555294161e-09
4245,0.42450000000000004,7.409019525660167e-09
4246,0.42460000000000003,7.67664185950145e-09
4247,0.4247,7.95465302231314e-09
4248,0.4248,8.243484595196723e-09
4249,0.4249,8.543587496242093e-09
4250,0.42500000000000004,8.855432524251259e-09
4251,0.42510000000000003,9.179511484924372e-09
4252,0.4252,9.516338160598998e-09
4253,0.4253,9.86644931895453e-09
4254,0.4254,1.0230405941406587e-08
4255,0.42550000000000004,1.0608794056651037e-08
4256,0.42560000000000003,1.1002226381179816e-08
4257,0.4257,1.1411343228866612e-08
4258,0.4258,1.1836813936664584e-08
4259,0.4259,1.2279338513340827e-08
4260,0.42600000000000005,1.2739648732660251e-08
4261,0.42610000000000003,1.32185098865565e-08
4262,0.4262,1.371672244268084e-08
4263,0.4263,1.423512363634237e-08
4264,0.4264,1.4774589386569794e-08
4265,0.42650000000000005,5.212560546733426e-09
4266,0.42660000000000003,5.412456354546419e-09
4267,0.4267,5.620587349883068e-09
4268,0.4268,5.837316478319545e-09
4269,0.4269,6.063023762846135e-09
4270,0.42700000000000005,6.29810713952657e-09
4271,0.42710000000000004,6.542983395074244e-09
4272,0.4272,6.7980890905988435e-09
4273,0.4273,7.063881383284339e-09
4274,0.4274,7.340839297928226e-09
4275,0.42750000000000005,7.629464785898952e-09
4276,0.42760000000000004,7.930283820856453e-09
4277,0.4277,8.243847569135362e-09
4278,0.4278,8.570733925097223e-09
4279,0.4279,8.911548495852567e-09
4280,0.42800000000000005,9.266926438093124e-09
4281,0.42810000000000004,9.637533653548869e-09
4282,0.4282,1.0024068549311439e-08
4283,0.4283,1.0427263631315057e-08
4284,0.4284,1.0847887415863509e-08
4285,0.42850000000000005,1.1286746111254182e-08
4286,0.42860000000000004,1.174468568849938e-08
4287,0.4287,1.2222593997877958e-08
4288,0.4288,1.2721402855510044e-08
4289,0.4289,1.3242090529976335e-08
4290,0.42900000000000005,1.3785684037507675e-08
4291,0.42910000000000004,1.4353261782006036e-08
4292,0.4292,1.4945956259445245e-08
4293,0.4293,5.325099405714926e-09
4294,0.4294,5.547592096888932e-09
4295,0.4295,5.780069060381851e-09
4296,0.42960000000000004,6.023009509882362e-09
4297,0.4297,6.276917182452876e-09
4298,0.4298,6.54232154288229e-09
4299,0.4299,6.819779451188449e-09
4300,0.43,7.109876365722961e-09
4301,0.43010000000000004,7.413228123795447e-09
4302,0.4302,7.730482478599533e-09
4303,0.4303,8.062320991033401e-09
4304,0.4304,8.409460698166345e-09
4305,0.4305,8.772656327387885e-09
4306,0.43060000000000004,9.152702216424439e-09
4307,0.4307,9.55043453829078e-09
4308,0.4308,9.966733628383605e-09
4309,0.4309,1.0402526685834924e-08
4310,0.431,1.0858790038755227e-08
4311,0.43110000000000004,1.1336552330521926e-08
4312,0.4312,1.183689704151257e-08
4313,0.4313,1.2360965963185618e-08
4314,0.4314,1.2909962394465185e-08
4315,0.4315,1.3485154607187296e-08
4316,0.43160000000000004,1.4087879619224804e-08
4317,0.43170000000000003,1.4719547296154492e-08
4318,0.4318,5.293028320105193e-09
4319,0.4319,5.533156573279231e-09
4320,0.432,5.784980778299514e-09
4321,0.43210000000000004,6.049109795201257e-09
4322,0.43220000000000003,6.3261865868176045e-09
4323,0.4323,6.616889537664536e-09
4324,0.4324,6.921935126366087e-09
4325,0.4325,7.242079833859424e-09
4326,0.43260000000000004,7.578122730383674e-09
4327,0.43270000000000003,7.93090773930807e-09
4328,0.4328,8.301326677550728e-09
4329,0.4329,8.690321802225404e-09
4330,0.433,9.098889144835841e-09
4331,0.43310000000000004,9.52808144638662e-09
4332,0.43320000000000003,9.979011801720964e-09
4333,0.4333,1.045285728071074e-08
4334,0.4334,1.0950862909712976e-08
4335,0.4335,1.1474345520370181e-08
4336,0.43360000000000004,1.202469863434342e-08
4337,0.43370000000000003,1.2603396745861162e-08
4338,0.4338,1.3212000556824244e-08
4339,0.4339,1.3852162339328763e-08
4340,0.434,1.4525631466761556e-08
4341,0.43410000000000004,1.523426068984832e-08
4342,0.43420000000000003,5.529497090221183e-09
4343,0.4343,5.802447338661203e-09
4344,0.4344,6.089856331264639e-09
4345,0.4345,6.392542516734955e-09
4346,0.43460000000000004,6.71137350981801e-09
4347,0.43470000000000003,7.047269459815762e-09
4348,0.4348,7.401206315962506e-09
4349,0.4349,7.774219379407073e-09
4350,0.435,8.167407262849928e-09
4351,0.43510000000000004,8.581935842724454e-09
4352,0.43520000000000003,9.019042804582691e-09
4353,0.4353,9.48004207397499e-09
4354,0.4354,9.966329041769456e-09
4355,0.4355,1.0479385891610037e-08
4356,0.43560000000000004,1.1020787104179116e-08
4357,0.43570000000000003,1.1592205899246847e-08
4358,0.4358,1.2195420442263016e-08
4359,0.4359,1.2832321095528659e-08
4360,0.436,1.3504917859228292e-08
4361,0.43610000000000004,1.4215348210972394e-08
4362,0.43620000000000003,1.4965885949110783e-08
4363,0.4363,5.479374878569173e-09
4364,0.4364,5.7721271891663174e-09
4365,0.4365,6.081655173890454e-09
4366,0.43660000000000004,6.408985371320908e-09
4367,0.43670000000000003,6.755211272242819e-09
4368,0.4368,7.1214975897534e-09
4369,0.4369,7.509085560798222e-09
4370,0.437,7.919298061565268e-09
4371,0.43710000000000004,8.353545361457224e-09
4372,0.43720000000000003,8.813331209777272e-09
4373,0.4373,9.300259485216579e-09
4374,0.4374,9.816041179414345e-09
4375,0.4375,1.0362501973170484e-08
4376,0.43760000000000004,1.0941590364947909e-08
4377,0.43770000000000003,1.1555386688162748e-08
4378,0.4378,1.2206112078695604e-08
4379,0.4379,1.2896139102432207e-08
4380,0.438,1.3628002286090853e-08
4381,0.43810000000000004,1.4404409944002435e-08
4382,0.43820000000000003,1.5228257085781798e-08
4383,0.4383,5.624536847325666e-09
4384,0.4384,5.9501168428832155e-09
4385,0.4385,6.2958978888356544e-09
4386,0.43860000000000005,6.663217694930475e-09
4387,0.43870000000000003,7.05350809387715e-09
4388,0.4388,7.468302143361615e-09
4389,0.4389,7.909241644087839e-09
4390,0.439,8.378085281650703e-09
4391,0.43910000000000005,8.876717631502332e-09
4392,0.43920000000000003,9.40715849211843e-09
4393,0.4393,9.971573202443276e-09
4394,0.4394,1.0572283927023107e-08
4395,0.4395,1.1211781340029579e-08
4396,0.43960000000000005,1.1892737976748306e-08
4397,0.43970000000000004,1.2618022080288949e-08
4398,0.4398,1.339071269658461e-08
4399,0.4399,1.421411628949777e-08
4400,0.44,1.5091784509892418e-08
4401,0.44010000000000005,5.621289128099093e-09
4402,0.44020000000000004,5.972647265204101e-09
4403,0.4403,6.347530241158112e-09
4404,0.4404,6.74761803454334e-09
4405,0.4405,7.174717988632155e-09
4406,0.44060000000000005,7.630775178296268e-09
4407,0.44070000000000004,8.117883544701909e-09
4408,0.4408,8.638297908193702e-09
4409,0.4409,9.194446806129027e-09
4410,0.441,9.788947296286385e-09
4411,0.44110000000000005,1.0424619670914446e-08
4412,0.44120000000000004,1.1104504790353476e-08
4413,0.4413,1.1831882017838714e-08
4414,0.4414,1.2610289133705317e-08
4415,0.4415,1.3443543833668507e-08
4416,0.44160000000000005,1.4335767266888956e-08
4417,0.44170000000000004,1.5291409533654463e-08
4418,0.4418,5.744305366524329e-09
4419,0.4419,6.132027517762017e-09
4420,0.442,6.547763322288363e-09
4421,0.44210000000000005,6.993670043890025e-09
4422,0.44220000000000004,7.472081591329746e-09
4423,0.4423,7.985523362405658e-09
4424,0.4424,8.536729198108223e-09
4425,0.4425,9.128659421822456e-09
4426,0.44260000000000005,9.764520824169871e-09
4427,0.44270000000000004,1.0447788228352414e-08
4428,0.4428,1.1182228270530626e-08
4429,0.4429,1.1971925341231419e-08
4430,0.443,1.2821309994275729e-08
4431,0.4431,1.3735189837542331e-08
4432,0.44320000000000004,1.4718783670181203e-08
4433,0.4433,5.573906268622814e-09
4434,0.4434,5.9781703244088e-09
4435,0.4435,6.413798734221843e-09
4436,0.4436,6.883383463941582e-09
4437,0.44370000000000004,7.389743902491015e-09
4438,0.44380000000000003,7.93594787705823e-09
4439,0.4439,8.525334558071149e-09
4440,0.444,9.16154042752654e-09
4441,0.4441,9.848526586593767e-09
4442,0.44420000000000004,1.0590609972257388e-08
4443,0.44430000000000003,1.1392496853811513e-08
4444,0.4444,1.2259320043969312e-08
4445,0.4445,1.3196679775334293e-08
4446,0.4446,1.4210688706887088e-08
4447,0.44470000000000004,1.5308021620402887e-08
4448,0.44480000000000003,5.847339551799198e-09
4449,0.4449,6.304794791915245e-09
4450,0.445,6.800505327925335e-09
4451,0.4451,7.33787661167857e-09
4452,0.44520000000000004,7.920635738596697e-09
4453,0.44530000000000003,8.552863296083134e-09
4454,0.4454,9.239029082250402e-09
4455,0.4455,9.984031117638322e-09
4456,0.4456,1.0793239111521371e-08
4457,0.44570000000000004,1.1672542515939404e-08
4458,0.44580000000000003,1.2628403650546174e-08
4459,0.4459,1.3667916674175455e-08
4460,0.446,1.4798872646376218e-08
4461,0.4461,5.698697874343776e-09
4462,0.44620000000000004,6.176592720154545e-09
4463,0.44630000000000003,6.6972969015402755e-09
4464,0.4464,7.264889975241517e-09
4465,0.4465,7.883863709122868e-09
4466,0.4466,8.559165834278951e-09
4467,0.44670000000000004,9.296249196269605e-09
4468,0.44680000000000003,1.0101126153123479e-08
4469,0.4469,1.0980429095516187e-08
4470,0.447,1.1941478227114848e-08
4471,0.4471,1.2992356742974482e-08
4472,0.44720000000000004,1.4141995021274111e-08
4473,0.44730000000000003,1.5400264227633008e-08
4474,0.4474,5.982064382033644e-09
4475,0.4475,6.521699561681359e-09
4476,0.4476,7.11329683556192e-09
4477,0.44770000000000004,7.762175616544611e-09
4478,0.44780000000000003,8.474232321961281e-09
4479,0.4479,9.25600634038586e-09
4480,0.448,1.0114754095615618e-08
4481,0.4481,1.10585321322962e-08
4482,0.44820000000000004,1.2096290215366352e-08
4483,0.44830000000000003,1.323797583919211e-08
4484,0.4484,1.4494651941475618e-08
4485,0.4485,5.675265611843669e-09
4486,0.4486,6.221704859084651e-09
4487,0.44870000000000004,6.8242673890732175e-09
4488,0.44880000000000003,7.489077842399506e-09
4489,0.4489,8.222968732411832e-09
4490,0.449,9.033566462643638e-09
4491,0.4491,9.92938897101224e-09
4492,0.44920000000000004,1.0919955667966295e-08
4493,0.44930000000000003,1.2015911680576016e-08
4494,0.4494,1.3229168516214558e-08
4495,0.4495,1.457306281515657e-08
4496,0.4496,5.755043105060793e-09
4497,0.44970000000000004,6.348279059023326e-09
4498,0.44980000000000003,7.006701299882892e-09
4499,0.4499,7.737915959699414e-09
4500,0.45,8.550468537177197e-09
4501,0.4501,9.453966107972053e-09
4502,0.45020000000000004,1.0459216636390197e-08
4503,0.45030000000000003,1.1578387244994629e-08
4504,0.4504,1.2825184585094263e-08
4505,0.4505,1.421506040352634e-08
4506,0.4506,5.661120035019776e-09
4507,0.45070000000000005,6.283935049644631e-09
4508,0.45080000000000003,6.979743330939947e-09
4509,0.4509,7.757623996650165e-09
4510,0.451,8.627850771667989e-09
4511,0.4511,9.602057559674246e-09
4512,0.45120000000000005,1.069342877463e-08
4513,0.45130000000000003,1.19169168235983e-08
4514,0.4514,1.3289492470139467e-08
4515,0.4515,1.4830432105279528e-08
4516,0.4516,5.960166264822535e-09
4517,0.45170000000000005,6.662113307779427e-09
4518,0.45180000000000003,7.452070456021201e-09
4519,0.4519,8.341742227793618e-09
4520,0.452,9.344478845708526e-09
4521,0.4521,1.0475520212371204e-08
4522,0.45220000000000005,1.175227811077065e-08
4523,0.45230000000000004,1.3194662141637638e-08
4524,0.4524,1.4825457817698574e-08
4525,0.4525,6.011323366947984e-09
4526,0.4526,6.766357215131069e-09
4527,0.45270000000000005,7.62228789906608e-09
4528,0.45280000000000004,8.593409329856663e-09
4529,0.4529,9.69615553570041e-09
4530,0.453,1.0949438165820791e-08
4531,0.4531,1.237504034554507e-08
4532,0.45320000000000005,1.3998076010251693e-08
4533,0.45330000000000004,5.724496993975612e-09
4534,0.4534,6.4878697930800616e-09
4535,0.4535,7.35948652152383e-09
4536,0.4536,8.355611080535923e-09
4537,0.45370000000000005,9.495088655645476e-09
4538,0.45380000000000004,1.0799777837426853e-08
4539,0.4539,1.2295057559605818e-08
4540,0.454,1.4010424983796959e-08
4541,0.4541,5.782514119278011e-09
4542,0.45420000000000005,6.603260075694831e-09
4543,0.45430000000000004,7.547806641593411e-09
4544,0.4544,8.63593186220177e-09
4545,0.4545,9.890750262750635e-09
4546,0.4546,1.1339305603831654e-08
4547,0.45470000000000005,1.3013274448466488e-08
4548,0.45480000000000004,1.4949801719363156e-08
4549,0.4549,6.232026287674263e-09
4550,0.455,7.176102677394494e-09
4551,0.4551,8.272081238909207e-09
4552,0.45520000000000005,9.545835838547656e-09
4553,0.45530000000000004,1.1027892545274555e-08
4554,0.4554,1.2754309930799814e-08
4555,0.4555,1.4767734843295568e-08
4556,0.4556,6.2146707422197474e-09
4557,0.45570000000000005,7.213986486288336e-09
4558,0.45580000000000004,8.383889717602837e-09
4559,0.4559,9.755194811196888e-09
4560,0.456,1.1364589393345479e-08
4561,0.4561,1.3255812796657854e-08
4562,0.4562,1.54810825945458e-08
4563,0.45630000000000004,6.581869249625698e-09
4564,0.45640000000000003,7.708092113750827e-09
4565,0.4565,9.038792158378678e-09
4566,0.4566,1.0613238278130354e-08
4567,0.4567,1.2478654475866272e-08
4568,0.45680000000000004,1.4691915209047608e-08
4569,0.45690000000000003,6.3059204495596486e-09
4570,0.457,7.4466580497684116e-09
4571,0.4571,8.806262569608485e-09
4572,0.4572,1.0429136176930799e-08
4573,0.45730000000000004,1.23691803705998e-08
4574,0.45740000000000003,1.4691933886521116e-08
4575,0.4575,6.370684979974342e-09
4576,0.4576,7.591696935901859e-09
4577,0.4577,9.060809642118705e-09
4578,0.45780000000000004,1.0831309963747939e-08
4579,0.45790000000000003,1.2968550310202225e-08
4580,0.458,1.5552822701234572e-08
4581,0.4581,6.818828649122541e-09
4582,0.4582,8.206721540024387e-09
4583,0.45830000000000004,9.893979211210555e-09
4584,0.45840000000000003,1.1948833681166224e-08
4585,0.4585,1.4455908374556675e-08
4586,0.4586,6.401183338957618e-09
4587,0.4587,7.773951067889975e-09
4588,0.45880000000000004,9.458595934388559e-09
4589,0.45890000000000003,1.1529968814810503e-08
4590,0.459,1.4081850715784939e-08
4591,0.4591,6.302341164080509e-09
4592,0.4592,7.729098161097731e-09
4593,0.45930000000000004,9.497918522105693e-09
4594,0.45940000000000003,1.1695414576077951e-08
4595,0.4595,1.4431304439726568e-08
4596,0.4596,6.533195041647361e-09
4597,0.4597,8.097685002569759e-09
4598,0.45980000000000004,1.0058813866258652e-08
4599,0.45990000000000003,1.252275961459315e-08
4600,0.46,1.5625641204592667e-08
4601,0.4601,7.161927068033367e-09
4602,0.4602,8.980115792718632e-09
4603,0.46030000000000004,1.1286844345891837e-08
4604,0.46040000000000003,1.4220688576706268e-08
4605,0.4605,6.587815654332923e-09
4606,0.4606,8.343621377107582e-09
4607,0.4607,1.0594609034776737e-08
4608,0.46080000000000004,1.3488182838220282e-08
4609,0.46090000000000003,6.319991618137484e-09
4610,0.461,8.091275098373307e-09
4611,0.4611,1.0387756867791379e-08
4612,0.4612,1.3373780937374966e-08
4613,0.46130000000000004,6.343178349007492e-09
4614,0.46140000000000003,8.215926319447748e-09
4615,0.4615,1.0673512547628942e-08
4616,0.4616,1.3908661411774799e-08
4617,0.4617,6.683652662966759e-09
4618,0.46180000000000004,8.766278496154525e-09
4619,0.46190000000000003,1.1535220349591267e-08
4620,0.462,1.522911770322377e-08
4621,0.4621,7.421808373176402e-09
4622,0.4622,9.867619637866058e-09
4623,0.46230000000000004,1.3165737494595272e-08
4624,0.46240000000000003,6.489134170910196e-09
4625,0.4625,8.72296079105141e-09
4626,0.4626,1.1769864676299645e-08
4627,0.4627,5.871023194514619e-09
4628,0.46280000000000004,7.98497790722106e-09
4629,0.46290000000000003,1.0903693612909513e-08
4630,0.463,1.4950388058537543e-08
4631,0.4631,7.586091700533667e-09
4632,0.4632,1.0491993553552151e-08
4633,0.46330000000000005,1.4574738082574842e-08
4634,0.46340000000000003,7.498362432009443e-09
4635,0.4635,1.0513026916822943e-08
4636,0.4636,1.4809082430981324e-08
4637,0.4637,7.732019260225724e-09
4638,0.46380000000000005,1.1000063242485187e-08
4639,0.46390000000000003,5.8033914527659015e-09
4640,0.464,8.342380442628035e-09
4641,0.4641,1.2055791138728443e-08
4642,0.4642,6.4660393773277346e-09
4643,0.46430000000000005,9.448956545121473e-09
4644,0.46440000000000003,1.3886873711204103e-08
4645,0.4645,7.580926801561876e-09
4646,0.4646,1.127593844067686e-08
4647,0.4647,6.2332734691617785e-09
4648,0.46480000000000005,9.38910744511476e-09
4649,0.46490000000000004,1.4234684595480502e-08
4650,0.465,8.027514832801485e-09
4651,0.4651,1.2337411075169901e-08
4652,0.4652,7.057114356710862e-09
4653,0.46530000000000005,1.1002987583197552e-08
4654,0.46540000000000004,6.388704041060535e-09
4655,0.4655,1.0113065948550122e-08
4656,0.4656,5.965393980728534e-09
4657,0.4657,9.595535483986607e-09
4658,0.46580000000000005,5.7552381387929715e-09
4659,0.46590000000000004,9.415793036670726e-09
4660,0.466,5.747829266259337e-09
4661,0.4661,9.574093027117773e-09
4662,0.4662,5.954526289218662e-09
4663,0.46630000000000005,1.010914427004431e-08
4664,0.46640000000000004,6.412902445731713e-09
4665,0.4665,1.110986434337384e-08
4666,0.4666,7.197307501466747e-09
4667,0.4667,1.2739993567986317e-08
4668,0.46680000000000005,8.439735541992335e-09
4669,0.46690000000000004,5.657132907293221e-09
4670,0.467,1.0369727419547208e-08
4671,0.4671,7.123613574510732e-09
4672,0.4672,1.339163324102784e-08
4673,0.46730000000000005,9.443874342643807e-09
4674,0.46740000000000004,6.752791808867784e-09
4675,0.4675,1.3227685465777005e-08
4676,0.4676,9.736655073865874e-09
4677,0.4677,7.277921598255188e-09
4678,0.46780000000000005,5.527376374124378e-09
4679,0.46790000000000004,1.1518004126388492e-08
4680,0.468,9.04441922919209e-09
4681,0.4681,7.229191383424529e-09
4682,0.4682,5.885701291065607e-09
4683,0.46830000000000005,4.884441862125944e-09
4684,0.46840000000000004,1.1145442003655627e-08
4685,0.4685,9.628161866559972e-09
4686,0.4686,8.497735875916687e-09
4687,0.4687,7.669221823379433e-09
4688,0.46880000000000005,7.084035853109156e-09
4689,0.46890000000000004,6.703538966552663e-09
4690,0.46900000000000003,6.505099790311817e-09
4691,0.4691,6.48012100573834e-09
4692,0.4692,6.633839634999653e-09
4693,0.4693,6.987038785014574e-09
4694,0.46940000000000004,7.580201993849483e-09
4695,0.46950000000000003,3.1726652031473495e-09
4696,0.4696,3.6710128129009063e-09
4697,0.4697,4.392835134903486e-09
4698,0.4698,5.443596968952125e-09
4699,0.46990000000000004,2.63546053439918e-09
4700,0.47000000000000003,3.525665883685595e-09
4701,0.4701,4.906081516301545e-09
4702,0.4702,2.7011749698309045e-09
4703,0.4703,4.098722010587526e-09
4704,0.47040000000000004,2.4862148215160974e-09
4705,0.47050000000000003,1.591046848449806e-09
4706,0.4706,2.7925573510763763e-09
4707,0.4707,1.9961358625680106e-09
4708,0.4708,1.5168854850601004e-09
4709,0.47090000000000004,1.228711823955322e-09
4710,0.47100000000000003,1.06360829998227e-09
4711,0.4711,9.861050922802802e-10
4712,0.4712,3.943683783560101e-10
4713,0.4713,4.2636902992912904e-10
4714,0.47140000000000004,2.0347207234172163e-10
4715,0.47150000000000003,2.5867651922394663e-10
4716,0.4716,1.4908496934425074e-10
4717,0.4717,9.52439691219491e-11
4718,0.4718,6.752591391085042e-11
4719,0.47190000000000004,2.338256910894077e-11
4720,0.47200000000000003,2.0766917402729506e-11
4721,0.4721,9.316227574616312e-12
4722,0.4722,4.782010644452438e-12
4723,0.4723,1.3375779334351342e-12
4724,0.47240000000000004,4.430223915982693e-13
4725,0.47250000000000003,1.724466686662468e-13
4726,0.4726,4.0077421700426217e-14
4727,0.4727,1.1169515407228045e-14
4728,0.4728,1.988404704489715e-15
4729,0.47290000000000004,2.3151822847178807e-16
4730,0.47300000000000003,0.0
4731,0.4731,0.0
4732,0.4732,0.0
4733,0.4733,0.0
4734,0.47340000000000004,0.0
4735,0.47350000000000003,0.0
4736,0.4736,0.0
4737,0.4737,0.0
4738,0.4738,0.0
4739,0.47390000000000004,0.0
4740,0.47400000000000003,0.0
4741,0.4741,0.0
4742,0.4742,0.0
4743,0.4743,0.0
4744,0.47440000000000004,0.0
4745,0.47450000000000003,0.0
4746,0.4746,0.0
4747,0.4747,0.0
4748,0.4748,0.0
4749,0.47490000000000004,0.0
4750,0.47500000000000003,0.0
4751,0.4751,0.0
4752,0.4752,0.0
4753,0.4753,0.0
4754,0.47540000000000004,0.0
4755,0.47550000000000003,0.0
4756,0.4756,0.0
4757,0.4757,0.0
4758,0.4758,0.0
4759,0.47590000000000005,0.0
4760,0.47600000000000003,0.0
4761,0.4761,0.0
4762,0.4762,0.0
4763,0.4763,0.0
4764,0.47640000000000005,0.0
4765,0.47650000000000003,0.0
4766,0.4766,0.0
4767,0.4767,0.0
4768,0.4768,0.0
4769,0.47690000000000005,0.0
4770,0.47700000000000004,0.0
4771,0.4771,0.0
4772,0.4772,0.0
4773,0.4773,0.0
4774,0.47740000000000005,0.0
4775,0.47750000000000004,0.0
4776,0.4776,0.0
4777,0.4777,0.0
4778,0.4778,0.0
4779,0.47790000000000005,0.0
4780,0.47800000000000004,0.0
4781,0.4781,0.0
4782,0.4782,0.0
4783,0.4783,0.0
4784,0.47840000000000005,0.0
4785,0.47850000000000004,0.0
4786,0.4786,0.0
4787,0.4787,0.0
4788,0.4788,0.0
4789,0.47890000000000005,0.0
4790,0.47900000000000004,0.0
4791,0.4791,0.0
4792,0.4792,0.0
4793,0.4793,0.0
4794,0.47940000000000005,0.0
4795,0.47950000000000004,0.0
4796,0.4796,0.0
4797,0.4797,0.0
4798,0.4798,0.0
4799,0.47990000000000005,0.0
4800,0.48000000000000004,0.0
4801,0.4801,0.0
4802,0.4802,0.0
4803,0.4803,0.0
4804,0.48040000000000005,0.0
4805,0.48050000000000004,0.0
4806,0.4806,0.0
4807,0.4807,0.0
4808,0.4808,0.0
4809,0.48090000000000005,0.0
4810,0.48100000000000004,0.0
4811,0.4811,0.0
4812,0.4812,0.0
4813,0.4813,0.0
4814,0.48140000000000005,0.0
4815,0.48150000000000004,0.0
4816,0.48160000000000003,0.0
4817,0.4817,0.0
4818,0.4818,0.0
4819,0.48190000000000005,0.0
4820,0.48200000000000004,0.0
4821,0.48210000000000003,0.0
4822,0.4822,0.0
4823,0.4823,0.0
4824,0.4824,0.0
4825,0.48250000000000004,0.0
4826,0.48260000000000003,0.0
4827,0.4827,0.0
4828,0.4828,0.0
4829,0.4829,0.0
4830,0.48300000000000004,0.0
4831,0.48310000000000003,0.0
4832,0.4832,0.0
4833,0.4833,0.0
4834,0.4834,0.0
4835,0.48350000000000004,0.0
4836,0.48360000000000003,0.0
4837,0.4837,0.0
4838,0.4838,0.0
4839,0.4839,0.0
4840,0.48400000000000004,0.0
4841,0.48410000000000003,0.0
4842,0.4842,0.0
4843,0.4843,0.0
4844,0.4844,0.0
4845,0.48450000000000004,0.0
4846,0.48460000000000003,0.0
4847,0.4847,0.0
4848,0.4848,0.0
4849,0.4849,0.0
4850,0.48500000000000004,0.0
4851,0.48510000000000003,0.0
4852,0.4852,0.0
4853,0.4853,0.0
4854,0.4854,0.0
4855,0.48550000000000004,0.0
4856,0.48560000000000003,0.0
4857,0.4857,0.0
4858,0.4858,0.0
4859,0.4859,0.0
4860,0.48600000000000004,0.0
4861,0.48610000000000003,0.0
4862,0.4862,0.0
4863,0.4863,0.0
4864,0.4864,0.0
4865,0.48650000000000004,0.0
4866,0.48660000000000003,0.0
4867,0.4867,0.0
4868,0.4868,0.0
4869,0.4869,0.0
4870,0.48700000000000004,0.0
4871,0.48710000000000003,0.0
4872,0.4872,0.0
4873,0.4873,0.0
4874,0.4874,0.0
4875,0.48750000000000004,0.0
4876,0.48760000000000003,0.0
4877,0.4877,0.0
4878,0.4878,0.0
4879,0.4879,0.0
4880,0.48800000000000004,0.0
4881,0.48810000000000003,0.0
4882,0.4882,0.0
4883,0.4883,0.0
4884,0.4884,0.0
4885,0.48850000000000005,0.0
4886,0.48860000000000003,0.0
4887,0.4887,0.0
4888,0.4888,0.0
4889,0.4889,0.0
4890,0.48900000000000005,0.0
4891,0.48910000000000003,0.0
4892,0.4892,0.0
4893,0.4893,0.0
4894,0.4894,0.0
4895,0.48950000000000005,0.0
4896,0.48960000000000004,0.0
4897,0.4897,0.0
4898,0.4898,0.0
4899,0.4899,0.0
4900,0.49000000000000005,0.0
4901,0.49010000000000004,0.0
4902,0.4902,0.0
4903,0.4903,0.0
4904,0.4904,0.0
4905,0.49050000000000005,0.0
4906,0.49060000000000004,0.0
4907,0.4907,0.0
4908,0.4908,0.0
4909,0.4909,0.0
4910,0.49100000000000005,0.0
4911,0.49110000000000004,0.0
4912,0.4912,0.0
4913,0.4913,0.0
4914,0.4914,0.0
4915,0.49150000000000005,0.0
4916,0.49160000000000004,0.0
4917,0.4917,0.0
4918,0.4918,0.0
4919,0.4919,0.0
4920,0.49200000000000005,0.0
4921,0.49210000000000004,0.0
4922,0.4922,0.0
4923,0.4923,0.0
4924,0.4924,0.0
4925,0.49250000000000005,0.0
4926,0.49260000000000004,0.0
4927,0.4927,0.0
4928,0.4928,0.0
4929,0.4929,0.0
4930,0.49300000000000005,0.0
4931,0.49310000000000004,0.0
4932,0.4932,0.0
4933,0.4933,0.0
4934,0.4934,0.0
4935,0.49350000000000005,0.0
4936,0.49360000000000004,0.0
4937,0.4937,0.0
4938,0.4938,0.0
4939,0.4939,0.0
4940,0.49400000000000005,0.0
4941,0.49410000000000004,0.0
4942,0.49420000000000003,0.0
4943,0.4943,0.0
4944,0.4944,0.0
4945,0.49450000000000005,0.0
4946,0.49460000000000004,0.0
4947,0.49470000000000003,0.0
4948,0.4948,0.0
4949,0.4949,0.0
4950,0.49500000000000005,0.0
4951,0.49510000000000004,0.0
4952,0.49520000000000003,0.0
4953,0.4953,0.0
4954,0.4954,0.0
4955,0.4955,0.0
4956,0.49560000000000004,0.0
4957,0.49570000000000003,0.0
4958,0.4958,0.0
4959,0.4959,0.0
4960,0.496,0.0
4961,0.49610000000000004,0.0
4962,0.49620000000000003,0.0
4963,0.4963,0.0
4964,0.4964,0.0
4965,0.4965,0.0
4966,0.49660000000000004,0.0
4967,0.49670000000000003,0.0
4968,0.4968,0.0
4969,0.4969,0.0
4970,0.497,0.0
4971,0.49710000000000004,0.0
4972,0.49720000000000003,0.0
4973,0.4973,0.0
4974,0.4974,0.0
4975,0.4975,0.0
4976,0.49760000000000004,0.0
4977,0.49770000000000003,0.0
4978,0.4978,0.0
4979,0.4979,0.4525980067777419
4980,0.498,0.45280253606902837
4981,0.49810000000000004,0.4530066837654535
4982,0.49820000000000003,0.4532104523975819
4983,0.4983,0.45341384446906857
4984,0.4984,0.4536168624571667
4985,0.4985,0.4538195088131268
4986,0.49860000000000004,0.4540217859625835
4987,0.49870000000000003,0.45422369630592635
4988,0.4988,0.45442524221866104
4989,0.4989,0.45462642605176856
4990,0.499,0.45482725013205677
4991,0.49910000000000004,0.4550277167625019
4992,0.49920000000000003,0.4552278282225875
4993,0.4993,0.4554275867686364
4994,0.4994,0.45562699463413764
4995,0.4995,0.455826054030063
4996,0.49960000000000004,0.456024767145184
4997,0.49970000000000003,0.45622313614637827
4998,0.4998,0.45642116317893555
4999,0.4999,0.456618850366853
5000,0.5,0.4568161998131269
5001,0.5001,0.45701321360004227
5002,0.5002,0.45720989378945626
5003,0.5003000000000001,0.45740624242307065
5004,0.5004000000000001,0.45760226152270805
5005,0.5005000000000001,0.45779795309058113
5006,0.5006,0.45799331910955066
5007,0.5007,0.45818836154339176
5008,0.5008,0.4583830823370401
5009,0.5009,0.45857748341684873
5010,0.501,0.45877156669082997
5011,0.5011,0.45896533404889767
5012,0.5012,0.45915878736310634
5013,0.5013000000000001,0.459351928487884
5014,0.5014000000000001,0.4595447592602605
5015,0.5015000000000001,0.4597372815000957
5016,0.5016,0.4599294970102999
5017,0.5017,0.46012140757705255
5018,0.5018,0.46031301497001986
5019,0.5019,0.4605043209425608
5020,0.502,0.4606953272319403
5021,0.5021,0.46088603555953095
5022,0.5022,0.4610764476310137
5023,0.5023,0.46126656513657877
5024,0.5024000000000001,0.4614563897511185
5025,0.5025000000000001,0.4616459231344183
5026,0.5026,0.4618351669313459
5027,0.5027,0.4620241227720381
5028,0.5028,0.46221279227208173
5029,0.5029,0.46240117703269434
5030,0.503,0.4625892786409022
5031,0.5031,0.46277709866971123
5032,0.5032,0.4629646386782807
5033,0.5033,0.4631519002120932
5034,0.5034000000000001,0.4633388848031172
5035,0.5035000000000001,0.46352559396997317
5036,0.5036,0.46371202921809523
5037,0.5037,0.46389819203988647
5038,0.5038,0.46408408391487854
5039,0.5039,0.46426970630988346
5040,0.504,0.46445506067914455
5041,0.5041,0.46464014846448776
5042,0.5042,0.46482497109546594
5043,0.5043,0.4650095299895052
5044,0.5044000000000001,0.46519382655204633
5045,0.5045000000000001,0.4653778621766858
5046,0.5046,0.4655616382453134
5047,0.5047,0.46574515612824857
5048,0.5048,0.4659284171843753
5049,0.5049,0.4661114227612724
5050,0.505,0.4662941741953454
5051,0.5051,0.4664766728119539
5052,0.5052,0.46665891992554004
5053,0.5053,0.46684091683974815
5054,0.5054000000000001,0.4670226648475539
5055,0.5055000000000001,0.46720416523137975
5056,0.5056,0.46738541926321714
5057,0.5057,0.46756642820474303
5058,0.5058,0.4677471933074374
5059,0.5059,0.46792771581269316
5060,0.506,0.4681079969519343
5061,0.5061,0.4682880379467217
5062,0.5062,0.46846784000886527
5063,0.5063,0.46864740434053237
5064,0.5064000000000001,0.46882673213435105
5065,0.5065000000000001,0.46900582457351697
5066,0.5066,0.46918468283189774
5067,0.5067,0.46936330807413074
5068,0.5068,0.46954170145572893
5069,0.5069,0.46971986412317596
5070,0.507,0.46989779721402425
5071,0.5071,0.4700755018569931
5072,0.5072,0.47025297917206244
5073,0.5073,0.470430230270567
5074,0.5074000000000001,0.47060725625528804
5075,0.5075000000000001,0.4707840582205436
5076,0.5076,0.47096063725228277
5077,0.5077,0.47113699442817
5078,0.5078,0.4713131308176713
5079,0.5079,0.4714890474821468
5080,0.508,0.4716647454749317
5081,0.5081,0.4718402258414191
5082,0.5082,0.4720154896191456
5083,0.5083,0.4721905378378725
5084,0.5084000000000001,0.4723653715196658
5085,0.5085000000000001,0.4725399916789752
5086,0.5086,0.4727143993227158
5087,0.5087,0.47288859545034106
5088,0.5088,0.4730625810539228
5089,0.5089,0.47323635711822654
5090,0.509,0.47340992462078363
5091,0.5091,0.47358328453196663
5092,0.5092,0.47375643781506266
5093,0.5093,0.47392938542634183
5094,0.5094000000000001,0.4741021283151327
5095,0.5095000000000001,0.47427466742388746
5096,0.5096,0.47444700368825393
5097,0.5097,0.47461913803714334
5098,0.5098,0.47479107139279436
5099,0.5099,0.4749628046708457
5100,0.51,0.47513433878039496
5101,0.5101,0.47530567462406575
5102,0.5102,0.47547681309807405
5103,0.5103,0.4756477550922873
5104,0.5104000000000001,0.4758185014902901
5105,0.5105000000000001,0.47598905316944173
5106,0.5106,0.4761594110009411
5107,0.5107,0.47632957584988433
5108,0.5108,0.4764995485753239
5109,0.5109,0.4766693300303274
5110,0.511,0.4768389210620361
5111,0.5111,0.4770083225117206
5112,0.5112,0.47717753521483913
5113,0.5113,0.4773465600010902
5114,0.5114000000000001,0.4775153976944704
5115,0.5115000000000001,0.47768404911332724
5116,0.5116,0.47785251507041393
5117,0.5117,0.4780207963729402
5118,0.5118,0.478188893822627
5119,0.5119,0.4783568082157563
5120,0.512,0.478524540343225
5121,0.5121,0.4786920909905914
5122,0.5122,0.47885946093812753
5123,0.5123,0.4790266509608696
5124,0.5124000000000001,0.47919366182866363
5125,0.5125000000000001,0.47936049430621575
5126,0.5126000000000001,0.47952714915313793
5127,0.5127,0.4796936271239989
5128,0.5128,0.4798599289683638
5129,0.5129,0.4800260554308483
5130,0.513,0.48019200725115635
5131,0.5131,0.48035778516413014
5132,0.5132,0.4805233898997921
5133,0.5133,0.4806888221833891
5134,0.5134000000000001,0.48085408273543623
5135,0.5135000000000001,0.4810191722717579
5136,0.5136000000000001,0.4811840915035334
5137,0.5137,0.481348841137335
5138,0.5138,0.4815134218751714
5139,0.5139,0.4816778344145277
5140,0.514,0.48184207944840757
5141,0.5141,0.4820061576653698
5142,0.5142,0.482170069749571
5143,0.5143,0.48233381638080264
5144,0.5144000000000001,0.48249739823453075
5145,0.5145000000000001,0.48266081598193306
5146,0.5146000000000001,0.4828240702899377
5147,0.5147,0.48298716182125956
5148,0.5148,0.4831500912344389
5149,0.5149,0.48331285918387357
5150,0.515,0.4834754663198615
5151,0.5151,0.48363791328863054
5152,0.5152,0.4838002007323764
5153,0.5153,0.48396232928929794
5154,0.5154,0.48412429959362874
5155,0.5155000000000001,0.4842861122756768
5156,0.5156000000000001,0.4844477679618512
5157,0.5157,0.4846092672747003
5158,0.5158,0.4847706108329445
5159,0.5159,0.4849317992515055
5160,0.516,0.4850928331415423
5161,0.5161,0.4852537131104823
5162,0.5162,0.4854144397620506
5163,0.5163,0.4855750136963031
5164,0.5164,0.48573543550965864
5165,0.5165000000000001,0.4858957057949271
5166,0.5166000000000001,0.486055825141339
5167,0.5167,0.48621579413458044
5168,0.5168,0.4863756133568162
5169,0.5169,0.4865352833867243
5170,0.517,0.48669480479952104
5171,0.5171,0.48685417816699256
5172,0.5172,0.48701340405752136
5173,0.5173,0.487172483036116
5174,0.5174,0.48733141566443644
5175,0.5175000000000001,0.4874902025008237
5176,0.5176000000000001,0.487648844100327
5177,0.5177,0.48780734101472845
5178,0.5178,0.4879656937925719
5179,0.5179,0.4881239029791896
5180,0.518,0.488281969116726
5181,0.5181,0.48843989274416416
5182,0.5182,0.4885976743973541
5183,0.5183,0.4887553146090336
5184,0.5184,0.4889128139088572
5185,0.5185000000000001,0.4890701728234182
5186,0.5186000000000001,0.48922739187627384
5187,0.5187,0.48938447158797155
5188,0.5188,0.4895414124760687
5189,0.5189,0.48969821505516237
5190,0.519,0.4898548798369059
5191,0.5191,0.4900114073300385
5192,0.5192,0.49016779804040356
5193,0.5193,0.4903240524709745
5194,0.5194,0.490480171121876
5195,0.5195000000000001,0.4906361544904067
5196,0.5196000000000001,0.4907920030710595
5197,0.5197,0.4909477173555486
5198,0.5198,0.4911032978328248
5199,0.5199,0.4912587449891014
5200,0.52,0.49141405930787346
5201,0.5201,0.49156924126993945
5202,0.5202,0.4917242913534221
5203,0.5203,0.49187921003378954
5204,0.5204,0.49203399778387374
5205,0.5205000000000001,0.49218865507389326
5206,0.5206000000000001,0.4923431823714727
5207,0.5207,0.49249758014166
5208,0.5208,0.49265184884695035
5209,0.5209,0.4928059889473016
5210,0.521,0.49296000090015685
5211,0.5211,0.49311388516046034
5212,0.5212,0.4932676421806793
5213,0.5213,0.4934212724108213
5214,0.5214,0.4935747762984519
5215,0.5215000000000001,0.49372815428871447
5216,0.5216000000000001,0.4938814068243476
5217,0.5217,0.4940345343457037
5218,0.5218,0.4941875372907658
5219,0.5219,0.4943404160951672
5220,0.522,0.49449317119220565
5221,0.5221,0.4946458030128639
5222,0.5222,0.4947983119858255
5223,0.5223,0.4949506985374913
5224,0.5224,0.4951029630919978
5225,0.5225000000000001,0.4952551060712315
5226,0.5226000000000001,0.49540712789484803
5227,0.5227,0.495559028980287
5228,0.5228,0.4957108097427879
5229,0.5229,0.49586247059540767
5230,0.523,0.4960140119490354
5231,0.5231,0.49616543421240716
5232,0.5232,0.4963167377921258
5233,0.5233,0.4964679230926695
5234,0.5234,0.49661899051641506
5235,0.5235000000000001,0.49676994046364625
5236,0.5236000000000001,0.4969207733325729
5237,0.5237,0.4970714895193442
5238,0.5238,0.4972220894180639
5239,0.5239,0.4973725734208057
5240,0.524,0.4975229419176261
5241,0.5241,0.49767319529657994
5242,0.5242,0.49782333394373424
5243,0.5243,0.49797335824318223
5244,0.5244,0.49812326857705863
5245,0.5245000000000001,0.49827306532555155
5246,0.5246000000000001,0.4984227488669154
5247,0.5247,0.4985723195774903
5248,0.5248,0.498721777831707
5249,0.5249,0.4988711240021078
5250,0.525,0.4990203584593551
5251,0.5251,0.4991694815722467
5252,0.5252,0.4993184937077279
5253,0.5253,0.4994673952309046
5254,0.5254,0.499616186505057
5255,0.5255000000000001,0.4997648678916504
5256,0.5256000000000001,0.4999134397503487
5257,0.5257000000000001,0.5000619024390284
5258,0.5258,0.5002102563137878
5259,0.5259,0.5003585017289613
5260,0.526,0.5005066390371318
5261,0.5261,0.5006546685891416
5262,0.5262,0.5008025907341043
5263,0.5263,0.5009504058194174
5264,0.5264,0.5010981141907738
5265,0.5265000000000001,0.5012457161921727
5266,0.5266000000000001,0.5013932121659318
5267,0.5267000000000001,0.5015406024526979
5268,0.5268,0.5016878873914606
5269,0.5269,0.5018350673195602
5270,0.527,0.5019821425726991
5271,0.5271,0.5021291134849575
5272,0.5272,0.5022759803887972
5273,0.5273,0.5024227436150783
5274,0.5274,0.5025694034930666
5275,0.5275000000000001,0.5027159603504457
5276,0.5276000000000001,0.5028624145133265
5277,0.5277000000000001,0.5030087663062591
5278,0.5278,0.5031550160522421
5279,0.5279,0.503301164072733
5280,0.528,0.5034472106876576
5281,0.5281,0.5035931562154233
5282,0.5282,0.503739000972924
5283,0.5283,0.5038847452755554
5284,0.5284,0.5040303894372208
5285,0.5285000000000001,0.5041759337703424
5286,0.5286000000000001,0.5043213785858719
5287,0.5287000000000001,0.5044667241932983
5288,0.5288,0.5046119709006582
5289,0.5289,0.5047571190145459
5290,0.529,0.5049021688401228
5291,0.5291,0.5050471206811246
5292,0.5292,0.5051919748398724
5293,0.5293,0.5053367316172824
5294,0.5294,0.5054813913128734
5295,0.5295,0.5056259542247765
5296,0.5296000000000001,0.5057704206497433
5297,0.5297000000000001,0.5059147908831558
5298,0.5298,0.5060590652190355
5299,0.5299,0.5062032439500496
5300,0.53,0.5063473273675234
5301,0.5301,0.5064913157614441
5302,0.5302,0.5066352094204754
5303,0.5303,0.5067790086319595
5304,0.5304,0.5069227136819294
5305,0.5305,0.507066324855118
5306,0.5306000000000001,0.5072098424349609
5307,0.5307000000000001,0.5073532667036115
5308,0.5308,0.5074965979419442
5309,0.5309,0.5076398364295642
5310,0.531,0.5077829824448149
5311,0.5311,0.5079260362647875
5312,0.5312,0.5080689981653255
5313,0.5313,0.508211868421036
5314,0.5314,0.5083546473052946
5315,0.5315,0.5084973350902554
5316,0.5316000000000001,0.5086399320468564
5317,0.5317000000000001,0.5087824384448283
5318,0.5318,0.5089248545527028
5319,0.5319,0.5090671806378174
5320,0.532,0.5092094169663254
5321,0.5321,0.5093515638032006
5322,0.5322,0.5094936214122472
5323,0.5323,0.5096355900561056
5324,0.5324,0.5097774699962596
5325,0.5325,0.5099192614930436
5326,0.5326000000000001,0.5100609648056486
5327,0.5327000000000001,0.5102025801921307
5328,0.5328,0.5103441079094179
5329,0.5329,0.5104855482133163
5330,0.533,0.5106269013585153
5331,0.5331,0.5107681675985989
5332,0.5332,0.5109093471860467
5333,0.5333,0.5110504403722457
5334,0.5334,0.5111914474074923
5335,0.5335,0.5113323685410035
5336,0.5336000000000001,0.5114732040209188
5337,0.5337000000000001,0.5116139540943094
5338,0.5338,0.5117546190071846
5339,0.5339,0.5118951990044972
5340,0.534,0.51203569433015
5341,0.5341,0.5121761052270016
5342,0.5342,0.5123164319368742
5343,0.5343,0.5124566747005574
5344,0.5344,0.5125968337578172
5345,0.5345,0.512736909347398
5346,0.5346000000000001,0.5128769017070337
5347,0.5347000000000001,0.513016811073449
5348,0.5348,0.5131566376823682
5349,0.5349,0.5132963817685189
5350,0.535,0.5134360435656418
5351,0.5351,0.5135756233064906
5352,0.5352,0.513715121222843
5353,0.5353,0.5138545375455034
5354,0.5354,0.5139938725043106
5355,0.5355,0.5141331263281401
5356,0.5356000000000001,0.5142722992449135
5357,0.5357000000000001,0.5144113914816023
5358,0.5358,0.5145504032642333
5359,0.5359,0.5146893348178934
5360,0.536,0.5148281863667364
5361,0.5361,0.514966958133989
5362,0.5362,0.5151056503419527
5363,0.5363,0.5152442632120124
5364,0.5364,0.5153827969646415
5365,0.5365,0.5155212518194041
5366,0.5366000000000001,0.5156596279949645
5367,0.5367000000000001,0.5157979257090876
5368,0.5368,0.515936145178649
5369,0.5369,0.5160742866196351
5370,0.537,0.5162123502471535
5371,0.5371,0.5163503362754317
5372,0.5372,0.5164882449178284
5373,0.5373,0.516626076386833
5374,0.5374,0.5167638308940751
5375,0.5375,0.5169015086503261
5376,0.5376000000000001,0.5170391098655042
5377,0.5377000000000001,0.5171766347486817
5378,0.5378000000000001,0.5173140835080867
5379,0.5379,0.51745145635111
5380,0.538,0.5175887534843093
5381,0.5381,0.5177259751134129
5382,0.5382,0.5178631214433241
5383,0.5383,0.5180001926781291
5384,0.5384,0.5181371890210968
5385,0.5385,0.5182741106746859
5386,0.5386000000000001,0.5184109578405501
5387,0.5387000000000001,0.5185477307195406
5388,0.5388000000000001,0.5186844295117113
5389,0.5389,0.5188210544163243
5390,0.539,0.5189576056318523
5391,0.5391,0.5190940833559837
5392,0.5392,0.519230487785628
5393,0.5393,0.5193668191169183
5394,0.5394,0.5195030775452175
5395,0.5395,0.5196392632651203
5396,0.5396000000000001,0.5197753764704584
5397,0.5397000000000001,0.519911417354305
5398,0.5398000000000001,0.520047386108979
5399,0.5399,0.5201832829260482
5400,0.54,0.5203191079963341
5401,0.5401,0.5204548615099159
5402,0.5402,0.5205905436561334
5403,0.5403,0.5207261546235933
5404,0.5404,0.52086169460017
5405,0.5405,0.5209971637730129
5406,0.5406000000000001,0.5211325623285475
5407,0.5407000000000001,0.5212678904524812
5408,0.5408000000000001,0.5214031483298056
5409,0.5409,0.5215383361448014
5410,0.541,0.5216734540810426
5411,0.5411,0.5218085023213984
5412,0.5412,0.5219434810480382
5413,0.5413,0.5220783904424361
5414,0.5414,0.5222132306853723
5415,0.5415,0.52234800195694
5416,0.5416000000000001,0.522482704436545
5417,0.5417000000000001,0.5226173383029128
5418,0.5418000000000001,0.5227519037340911
5419,0.5419,0.5228864009074522
5420,0.542,0.5230208299996979
5421,0.5421,0.5231551911868626
5422,0.5422,0.5232894846443176
5423,0.5423,0.5234237105467718
5424,0.5424,0.5235578690682787
5425,0.5425,0.5236919603822378
5426,0.5426,0.523825984661399
5427,0.5427000000000001,0.5239599420778642
5428,0.5428000000000001,0.5240938328030927
5429,0.5429,0.5242276570079034
5430,0.543,0.5243614148624789
5431,0.5431,0.5244951065363678
5432,0.5432,0.5246287321984887
5433,0.5433,0.5247622920171325
5434,0.5434,0.5248957861599675
5435,0.5435,0.5250292147940409
5436,0.5436,0.5251625780857829
5437,0.5437000000000001,0.5252958762010085
5438,0.5438000000000001,0.5254291093049229
5439,0.5439,0.5255622775621219
5440,0.544,0.5256953811365982
5441,0.5441,0.5258284201917415
5442,0.5442,0.5259613948903429
5443,0.5443,0.5260943053945988
5444,0.5444,0.5262271518661116
5445,0.5445,0.5263599344658948
5446,0.5446,0.5264926533543753
5447,0.5447000000000001,0.5266253086913963
5448,0.5448000000000001,0.5267579006362194
5449,0.5449,0.5268904293475297
5450,0.545,0.5270228949834372
5451,0.5451,0.5271552977014782
5452,0.5452,0.5272876376586217
5453,0.5453,0.5274199150112698
5454,0.5454,0.527552129915261
5455,0.5455,0.5276842825258733
5456,0.5456,0.5278163729978261
5457,0.5457000000000001,0.5279484014852853
5458,0.5458000000000001,0.5280803681418627
5459,0.5459,0.5282122731206211
5460,0.546,0.5283441165740771
5461,0.5461,0.5284758986542022
5462,0.5462,0.5286076195124272
5463,0.5463,0.5287392792996434
5464,0.5464,0.5288708781662066
5465,0.5465,0.5290024162619387
5466,0.5466,0.5291338937361312
5467,0.5467000000000001,0.5292653107375462
5468,0.5468000000000001,0.5293966674144209
5469,0.5469,0.5295279639144701
5470,0.547,0.5296592003848869
5471,0.5471,0.5297903769723464
5472,0.5472,0.5299214938230086
5473,0.5473,0.5300525510825211
5474,0.5474,0.5301835488960199
5475,0.5475,0.5303144874081346
5476,0.5476,0.5304453667629868
5477,0.5477000000000001,0.5305761871041974
5478,0.5478000000000001,0.5307069485748847
5479,0.5479,0.5308376513176705
5480,0.548,0.5309682954746798
5481,0.5481,0.5310988811875446
5482,0.5482,0.5312294085974052
5483,0.5483,0.5313598778449135
5484,0.5484,0.5314902890702359
5485,0.5485,0.5316206424130524
5486,0.5486,0.5317509380125645
5487,0.5487000000000001,0.5318811760074919
5488,0.5488000000000001,0.5320113565360773
5489,0.5489,0.5321414797360906
5490,0.549,0.5322715457448259
5491,0.5491,0.5324015546991102
5492,0.5492,0.5325315067352997
5493,0.5493,0.5326614019892871
5494,0.5494,0.5327912405964986
5495,0.5495,0.5329210226919014
5496,0.5496,0.5330507484100026
5497,0.5497000000000001,0.5331804178848518
5498,0.5498000000000001,0.5333100312500432
5499,0.5499,0.5334395886387199
5500,0.55,0.5335690901835716
5501,0.5501,0.5336985360168414
5502,0.5502,0.5338279262703262
5503,0.5503,0.5339572610753763
5504,0.5504,0.5340865405629018
5505,0.5505,0.5342157648633709
5506,0.5506,0.5343449341068148
5507,0.5507000000000001,0.534474048422828
5508,0.5508000000000001,0.5346031079405704
5509,0.5509000000000001,0.5347321127887708
5510,0.551,0.5348610630957261
5511,0.5511,0.5349899589893068
5512,0.5512,0.5351188005969562
5513,0.5513,0.535247588045694
5514,0.5514,0.5353763214621169
5515,0.5515,0.5355050009724024
5516,0.5516,0.535633626702308
5517,0.5517000000000001,0.5357621987771765
5518,0.5518000000000001,0.5358907173219343
5519,0.5519000000000001,0.5360191824610969
5520,0.552,0.5361475943187679
5521,0.5521,0.5362759530186423
5522,0.5522,0.5364042586840083
5523,0.5523,0.5365325114377485
5524,0.5524,0.536660711402343
5525,0.5525,0.5367888586998687
5526,0.5526,0.536916953452005
5527,0.5527000000000001,0.5370449957800322
5528,0.5528000000000001,0.5371729858048342
5529,0.5529000000000001,0.5373009236469015
5530,0.553,0.5374288094263315
5531,0.5531,0.5375566432628317
5532,0.5532,0.5376844252757199
5533,0.5533,0.5378121555839261
5534,0.5534,0.5379398343059966
5535,0.5535,0.5380674615600927
5536,0.5536,0.5381950374639936
5537,0.5537000000000001,0.5383225621350991
5538,0.5538000000000001,0.5384500356904292
5539,0.5539000000000001,0.5385774582466287
5540,0.554,0.5387048299199647
5541,0.5541,0.5388321508263335
5542,0.5542,0.5389594210812573
5543,0.5543,0.5390866407998887
5544,0.5544,0.5392138100970127
5545,0.5545,0.5393409290870455
5546,0.5546,0.5394679978840399
5547,0.5547000000000001,0.5395950166016842
5548,0.5548000000000001,0.5397219853533032
5549,0.5549000000000001,0.5398489042518629
5550,0.555,0.5399757734099704
5551,0.5551,0.5401025929398741
5552,0.5552,0.5402293629534678
5553,0.5553,0.5403560835622904
5554,0.5554,0.540482754877529
5555,0.5555,0.5406093770100179
5556,0.5556,0.5407359500702434
5557,0.5557,0.5408624741683434
5558,0.5558000000000001,0.5409889494141088
5559,0.5559000000000001,0.5411153759169853
5560,0.556,0.5412417537860752
5561,0.5561,0.5413680831301402
5562,0.5562,0.5414943640575991
5563,0.5563,0.5416205966765328
5564,0.5564,0.5417467810946849
5565,0.5565,0.5418729174194622
5566,0.5566,0.5419990057579367
5567,0.5567,0.5421250462168483
5568,0.5568000000000001,0.5422510389026034
5569,0.5569000000000001,0.5423769839212784
5570,0.557,0.5425028813786222
5571,0.5571,0.5426287313800542
5572,0.5572,0.5427545340306688
5573,0.5573,0.5428802894352357
5574,0.5574,0.5430059976981997
5575,0.5575,0.5431316589236856
5576,0.5576,0.5432572732154963
5577,0.5577,0.5433828406771164
5578,0.5578000000000001,0.5435083614117111
5579,0.5579000000000001,0.5436338355221307
5580,0.558,0.5437592631109087
5581,0.5581,0.5438846442802661
5582,0.5582,0.5440099791321112
5583,0.5583,0.5441352677680401
5584,0.5584,0.5442605102893402
5585,0.5585,0.5443857067969889
5586,0.5586,0.5445108573916578
5587,0.5587,0.5446359621737115
5588,0.5588000000000001,0.5447610212432099
5589,0.5589000000000001,0.5448860346999108
5590,0.559,0.5450110026432676
5591,0.5591,0.5451359251724349
5592,0.5592,0.5452608023862662
5593,0.5593,0.545385634383317
5594,0.5594,0.5455104212618467
5595,0.5595,0.545635163119817
5596,0.5596,0.5457598600548966
5597,0.5597,0.5458845121644598
5598,0.5598000000000001,0.5460091195455887
5599,0.5599000000000001,0.546133682295075
5600,0.56,0.5462582005094196
5601,0.5601,0.5463826742848361
5602,0.5602,0.5465071037172495
5603,0.5603,0.5466314889022993
5604,0.5604,0.5467558299353396
5605,0.5605,0.546880126911441
5606,0.5606,0.5470043799253914
5607,0.5607,0.5471285890716959
5608,0.5608000000000001,0.5472527544445815
5609,0.5609000000000001,0.5473768761379942
5610,0.561,0.5475009542456023
5611,0.5611,0.5476249888607975
5612,0.5612,0.5477489800766955
5613,0.5613,0.5478729279861376
5614,0.5614,0.5479968326816903
5615,0.5615,0.5481206942556497
5616,0.5616,0.5482445128000393
5617,0.5617,0.5483682884066119
5618,0.5618000000000001,0.5484920211668523
5619,0.5619000000000001,0.5486157111719766
5620,0.562,0.5487393585129339
5621,0.5621,0.5488629632804081
5622,0.5622,0.5489865255648171
5623,0.5623,0.5491100454563165
5624,0.5624,0.5492335230447978
5625,0.5625,0.5493569584198918
5626,0.5626,0.5494803516709683
5627,0.5627,0.549603702887138
5628,0.5628000000000001,0.5497270121572534
5629,0.5629000000000001,0.5498502795699078
5630,0.5630000000000001,0.5499735052134401
5631,0.5631,0.5500966891759328
5632,0.5632,0.5502198315452147
5633,0.5633,0.5503429324088603
5634,0.5634,0.5504659918541924
5635,0.5635,0.5505890099682834
5636,0.5636,0.5507119868379526
5637,0.5637,0.5508349225497723
5638,0.5638000000000001,0.5509578171900668
5639,0.5639000000000001,0.5510806708449106
5640,0.5640000000000001,0.5512034836001347
5641,0.5641,0.551326255541322
5642,0.5642,0.5514489867538129
5643,0.5643,0.5515716773227035
5644,0.5644,0.5516943273328478
5645,0.5645,0.5518169368688578
5646,0.5646,0.5519395060151047
5647,0.5647,0.5520620348557207
5648,0.5648000000000001,0.5521845234745996
5649,0.5649000000000001,0.5523069719553952
5650,0.5650000000000001,0.5524293803815279
5651,0.5651,0.5525517488361787
5652,0.5652,0.5526740774022957
5653,0.5653,0.552796366162593
5654,0.5654,0.55291861519955
5655,0.5655,0.5530408245954145
5656,0.5656,0.5531629944322047
5657,0.5657,0.5532851247917053
5658,0.5658000000000001,0.5534072157554734
5659,0.5659000000000001,0.5535292674048373
5660,0.5660000000000001,0.5536512798208963
5661,0.5661,0.553773253084524
5662,0.5662,0.5538951872763676
5663,0.5663,0.5540170824768487
5664,0.5664,0.5541389387661652
5665,0.5665,0.5542607562242917
5666,0.5666,0.554382534930979
5667,0.5667,0.5545042749657577
5668,0.5668000000000001,0.5546259764079373
5669,0.5669000000000001,0.5547476393366056
5670,0.5670000000000001,0.5548692638306331
5671,0.5671,0.554990849968671
5672,0.5672,0.555112397829154
5673,0.5673,0.5552339074902982
5674,0.5674,0.5553553790301059
5675,0.5675,0.5554768125263635
5676,0.5676,0.5555982080566426
5677,0.5677,0.5557195656983032
5678,0.5678000000000001,0.5558408855284905
5679,0.5679000000000001,0.5559621676241386
5680,0.5680000000000001,0.5560834120619714
5681,0.5681,0.5562046189185025
5682,0.5682,0.5563257882700354
5683,0.5683,0.5564469201926656
5684,0.5684,0.5565680147622803
5685,0.5685,0.5566890720545601
5686,0.5686,0.5568100921449791
5687,0.5687,0.5569310751088057
5688,0.5688,0.5570520210211048
5689,0.5689000000000001,0.5571729299567357
5690,0.5690000000000001,0.5572938019903553
5691,0.5691,0.5574146371964187
5692,0.5692,0.5575354356491777
5693,0.5693,0.5576561974226858
5694,0.5694,0.5577769225907931
5695,0.5695,0.5578976112271533
5696,0.5696,0.5580182634052196
5697,0.5697,0.5581388791982479
5698,0.5698,0.5582594586792973
5699,0.5699000000000001,0.5583800019212289
5700,0.5700000000000001,0.5585005089967101
5701,0.5701,0.558620979978212
5702,0.5702,0.5587414149380117
5703,0.5703,0.5588618139481928
5704,0.5704,0.5589821770806471
5705,0.5705,0.5591025044070713
5706,0.5706,0.5592227959989745
5707,0.5707,0.5593430519276725
5708,0.5708,0.5594632722642913
5709,0.5709000000000001,0.5595834570797689
5710,0.5710000000000001,0.5597036064448532
5711,0.5711,0.5598237204301051
5712,0.5712,0.5599437991058976
5713,0.5713,0.5600638425424185
5714,0.5714,0.5601838508096673
5715,0.5715,0.5603038239774607
5716,0.5716,0.5604237621154295
5717,0.5717,0.5605436652930214
5718,0.5718,0.5606635335795
5719,0.5719000000000001,0.5607833670439478
5720,0.5720000000000001,0.5609031657552632
5721,0.5721,0.5610229297821661
5722,0.5722,0.5611426591931937
5723,0.5723,0.5612623540567042
5724,0.5724,0.5613820144408774
5725,0.5725,0.5615016404137124
5726,0.5726,0.5616212320430326
5727,0.5727,0.5617407893964821
5728,0.5728,0.5618603125415301
5729,0.5729000000000001,0.5619798015454687
5730,0.5730000000000001,0.5620992564754147
5731,0.5731,0.5622186773983106
5732,0.5732,0.5623380643809238
5733,0.5733,0.5624574174898501
5734,0.5734,0.5625767367915104
5735,0.5735,0.5626960223521538
5736,0.5736,0.5628152742378586
5737,0.5737,0.5629344925145311
5738,0.5738,0.5630536772479078
5739,0.5739000000000001,0.5631728285035553
5740,0.5740000000000001,0.5632919463468696
5741,0.5741,0.5634110308430806
5742,0.5742,0.5635300820572483
5743,0.5743,0.563649100054266
5744,0.5744,0.5637680848988591
5745,0.5745,0.5638870366555887
5746,0.5746,0.5640059553888485
5747,0.5747,0.5641248411628679
5748,0.5748,0.5642436940417118
5749,0.5749000000000001,0.564362514089281
5750,0.5750000000000001,0.5644813013693124
5751,0.5751000000000001,0.5646000559453817
5752,0.5752,0.5647187778809006
5753,0.5753,0.5648374672391208
5754,0.5754,0.5649561240831311
5755,0.5755,0.5650747484758623
5756,0.5756,0.5651933404800825
5757,0.5757,0.5653119001584029
5758,0.5758,0.5654304275732744
5759,0.5759000000000001,0.5655489227869896
5760,0.5760000000000001,0.5656673858616845
5761,0.5761000000000001,0.5657858168593363
5762,0.5762,0.5659042158417669
5763,0.5763,0.5660225828706423
5764,0.5764,0.5661409180074718
5765,0.5765,0.5662592213136108
5766,0.5766,0.5663774928502601
5767,0.5767,0.5664957326784651
5768,0.5768,0.5666139408591198
5769,0.5769000000000001,0.5667321174529646
5770,0.5770000000000001,0.5668502625205872
5771,0.5771000000000001,0.5669683761224247
5772,0.5772,0.5670864583187609
5773,0.5773,0.56720450916973
5774,0.5774,0.5673225287353167
5775,0.5775,0.5674405170753547
5776,0.5776,0.5675584742495298
5777,0.5777,0.5676764003173774
5778,0.5778,0.5677942953382857
5779,0.5779000000000001,0.5679121593714958
5780,0.5780000000000001,0.5680299924761003
5781,0.5781000000000001,0.5681477947110462
5782,0.5782,0.568265566135134
5783,0.5783,0.5683833068070183
5784,0.5784,0.5685010167852078
5785,0.5785,0.5686186961280691
5786,0.5786,0.5687363448938214
5787,0.5787,0.5688539631405426
5788,0.5788,0.5689715509261654
5789,0.5789000000000001,0.5690891083084824
5790,0.5790000000000001,0.5692066353451405
5791,0.5791000000000001,0.5693241320936481
5792,0.5792,0.5694415986113704
5793,0.5793,0.5695590349555323
5794,0.5794,0.5696764411832183
5795,0.5795,0.5697938173513725
5796,0.5796,0.5699111635168015
5797,0.5797,0.5700284797361707
5798,0.5798,0.5701457660660081
5799,0.5799000000000001,0.5702630225627033
5800,0.5800000000000001,0.5703802492825097
5801,0.5801000000000001,0.5704974462815415
5802,0.5802,0.5706146136157776
5803,0.5803,0.5707317513410606
5804,0.5804,0.5708488595130974
5805,0.5805,0.570965938187459
5806,0.5806,0.5710829874195829
5807,0.5807,0.571200007264771
5808,0.5808,0.5713169977781918
5809,0.5809000000000001,0.57143395901488
5810,0.5810000000000001,0.5715508910297382
5811,0.5811000000000001,0.5716677938775357
5812,0.5812,0.5717846676129088
5813,0.5813,0.5719015122903642
5814,0.5814,0.572018327964275
5815,0.5815,0.5721351146888862
5816,0.5816,0.5722518725183093
5817,0.5817,0.5723686015065281
5818,0.5818,0.5724853017073961
5819,0.5819,0.5726019731746378
5820,0.5820000000000001,0.5727186159618484
5821,0.5821000000000001,0.5728352301224958
5822,0.5822,0.5729518157099194
5823,0.5823,0.5730683727773312
5824,0.5824,0.5731849013778161
5825,0.5825,0.5733014015643333
5826,0.5826,0.573417873389715
5827,0.5827,0.5735343169066669
5828,0.5828,0.5736507321677716
5829,0.5829,0.5737671192254843
5830,0.5830000000000001,0.5738834781321364
5831,0.5831000000000001,0.5739998089399365
5832,0.5832,0.5741161117009675
5833,0.5833,0.5742323864671904
5834,0.5834,0.5743486332904426
5835,0.5835,0.5744648522224394
5836,0.5836,0.5745810433147728
5837,0.5837,0.5746972066189142
5838,0.5838,0.5748133421862137
5839,0.5839,0.5749294500678997
5840,0.5840000000000001,0.575045530315081
5841,0.5841000000000001,0.5751615829787446
5842,0.5842,0.5752776081097593
5843,0.5843,0.5753936057588738
5844,0.5844,0.5755095759767176
5845,0.5845,0.5756255188138025
5846,0.5846,0.5757414343205208
5847,0.5847,0.5758573225471476
5848,0.5848,0.5759731835438401
5849,0.5849,0.5760890173606387
5850,0.5850000000000001,0.5762048240474673
5851,0.5851000000000001,0.5763206036541332
5852,0.5852,0.5764363562303264
5853,0.5853,0.5765520818256235
5854,0.5854,0.5766677804894844
5855,0.5855,0.576783452271254
5856,0.5856,0.5768990972201636
5857,0.5857,0.5770147153853292
5858,0.5858,0.5771303068157544
5859,0.5859,0.5772458715603276
5860,0.5860000000000001,0.5773614096678253
5861,0.5861000000000001,0.577476921186911
5862,0.5862,0.5775924061661358
5863,0.5863,0.5777078646539384
5864,0.5864,0.5778232966986458
5865,0.5865,0.5779387023484751
5866,0.5866,0.5780540816515304
5867,0.5867,0.5781694346558067
5868,0.5868,0.5782847614091869
5869,0.5869,0.5784000619594465
5870,0.5870000000000001,0.5785153363542497
5871,0.5871000000000001,0.5786305846411517
5872,0.5872,0.5787458068675985
5873,0.5873,0.5788610030809287
5874,0.5874,0.5789761733283711
5875,0.5875,0.5790913176570484
5876,0.5876,0.5792064361139735
5877,0.5877,0.5793215287460548
5878,0.5878,0.5794365956000912
5879,0.5879,0.5795516367227769
5880,0.5880000000000001,0.5796666521606993
5881,0.5881000000000001,0.5797816419603388
5882,0.5882000000000001,0.5798966061680724
5883,0.5883,0.5800115448301701
5884,0.5884,0.5801264579927979
5885,0.5885,0.5802413457020166
5886,0.5886,0.5803562080037838
5887,0.5887,0.5804710449439512
5888,0.5888,0.5805858565682692
5889,0.5889,0.580700642922383
5890,0.5890000000000001,0.5808154040518364
5891,0.5891000000000001,0.5809301400020691
5892,0.5892000000000001,0.5810448508184193
5893,0.5893,0.5811595365461227
5894,0.5894,0.5812741972303144
5895,0.5895,0.5813888329160263
5896,0.5896,0.5815034436481907
5897,0.5897,0.5816180294716383
5898,0.5898,0.5817325904310998
5899,0.5899,0.5818471265712053
5900,0.5900000000000001,0.5819616379364858
5901,0.5901000000000001,0.5820761245713708
5902,0.5902000000000001,0.5821905865201928
5903,0.5903,0.582305023827185
5904,0.5904,0.5824194365364803
5905,0.5905,0.5825338246921143
5906,0.5906,0.5826481883380255
5907,0.5907,0.5827625275180527
5908,0.5908,0.5828768422759392
5909,0.5909,0.5829911326553296
5910,0.5910000000000001,0.5831053986997724
5911,0.5911000000000001,0.5832196404527187
5912,0.5912000000000001,0.5833338579575242
5913,0.5913,0.5834480512574491
5914,0.5914,0.5835622203956558
5915,0.5915,0.5836763654152132
5916,0.5916,0.5837904863590948
5917,0.5917,0.5839045832701777
5918,0.5918,0.5840186561912468
5919,0.5919,0.5841327051649908
5920,0.5920000000000001,0.5842467302340054
5921,0.5921000000000001,0.584360731440792
5922,0.5922000000000001,0.5844747088277592
5923,0.5923,0.5845886624372219
5924,0.5924,0.5847025923114024
5925,0.5925,0.5848164984924302
5926,0.5926,0.5849303810223427
5927,0.5927,0.5850442399430849
5928,0.5928,0.5851580752965101
5929,0.5929,0.5852718871243799
5930,0.5930000000000001,0.5853856754683663
5931,0.5931000000000001,0.5854994403700481
5932,0.5932000000000001,0.5856131818709146
5933,0.5933,0.5857269000123642
5934,0.5934,0.5858405948357048
5935,0.5935,0.5859542663821568
5936,0.5936,0.5860679146928469
5937,0.5937,0.586181539808816
5938,0.5938,0.5862951417710138
5939,0.5939,0.5864087206203029
5940,0.5940000000000001,0.5865222763974558
5941,0.5941000000000001,0.5866358091431568
5942,0.5942000000000001,0.5867493188980033
5943,0.5943,0.586862805702504
5944,0.5944,0.5869762695970796
5945,0.5945,0.5870897106220655
5946,0.5946,0.5872031288177078
5947,0.5947,0.5873165242241668
5948,0.5948,0.5874298968815167
5949,0.5949,0.5875432468297443
5950,0.595,0.5876565741087522
5951,0.5951000000000001,0.5877698787583553
5952,0.5952000000000001,0.5878831608182835
5953,0.5953,0.587996420328183
5954,0.5954,0.5881096573276124
5955,0.5955,0.5882228718560477
5956,0.5956,0.5883360639528792
5957,0.5957,0.5884492336574134
5958,0.5958,0.5885623810088725
5959,0.5959,0.5886755060463956
5960,0.596,0.5887886088090369
5961,0.5961000000000001,0.588901689335769
5962,0.5962000000000001,0.58901474766548
5963,0.5963,0.5891277838369754
5964,0.5964,0.5892407978889792
5965,0.5965,0.589353789860132
5966,0.5966,0.5894667597889919
5967,0.5967,0.5895797077140368
5968,0.5968,0.589692633673662
5969,0.5969,0.5898055377061803
5970,0.597,0.5899184198498258
5971,0.5971000000000001,0.5900312801427492
5972,0.5972000000000001,0.5901441186230216
5973,0.5973,0.5902569353286338
5974,0.5974,0.5903697302974964
5975,0.5975,0.5904825035674399
5976,0.5976,0.5905952551762143
5977,0.5977,0.5907079851614905
5978,0.5978,0.5908206935608605
5979,0.5979,0.5909333804118369
5980,0.598,0.591046045751853
5981,0.5981000000000001,0.5911586896182638
5982,0.5982000000000001,0.5912713120483465
5983,0.5983,0.5913839130792986
5984,0.5984,0.5914964927482415
5985,0.5985,0.5916090510922166
5986,0.5986,0.59172158814819
5987,0.5987,0.5918341039530486
5988,0.5988,0.5919465985436032
5989,0.5989,0.5920590719565878
5990,0.599,0.5921715242286598
5991,0.5991000000000001,0.5922839553963988
5992,0.5992000000000001,0.5923963654963099
5993,0.5993,0.5925087545648211
5994,0.5994,0.5926211226382847
5995,0.5995,0.5927334697529784
5996,0.5996,0.5928457959451024
5997,0.5997,0.5929581012507842
5998,0.5998,0.5930703857060744
5999,0.5999,0.59318264934695
6000,0.6,0.5932948922093133
6001,0.6001000000000001,0.593407114328991
6002,0.6002000000000001,0.5935193157417377
6003,0.6003000000000001,0.5936314964832324
6004,0.6004,0.593743656589081
6005,0.6005,0.5938557960948165
6006,0.6006,0.5939679150358973
6007,0.6007,0.5940800134477094
6008,0.6008,0.5941920913655664
6009,0.6009,0.5943041488247084
6010,0.601,0.5944161858603033
6011,0.6011000000000001,0.5945282025074466
6012,0.6012000000000001,0.5946401988011621
6013,0.6013000000000001,0.5947521747764007
6014,0.6014,0.5948641304680428
6015,0.6015,0.5949760659108961
6016,0.6016,0.5950879811396987
6017,0.6017,0.5951998761891163
6018,0.6018,0.5953117510937426
6019,0.6019,0.5954236058881035
6020,0.602,0.5955354406066525
6021,0.6021000000000001,0.5956472552837727
6022,0.6022000000000001,0.5957590499537769
6023,0.6023000000000001,0.5958708246509097
6024,0.6024,0.5959825794093441
6025,0.6025,0.5960943142631839
6026,0.6026,0.5962060292464645
6027,0.6027,0.5963177243931507
6028,0.6028,0.5964293997371399
6029,0.6029,0.5965410553122588
6030,0.603,0.5966526911522666
6031,0.6031000000000001,0.596764307290855
6032,0.6032000000000001,0.5968759037616452
6033,0.6033000000000001,0.5969874805981928
6034,0.6034,0.5970990378339831
6035,0.6035,0.5972105755024354
6036,0.6036,0.5973220936369014
6037,0.6037,0.5974335922706646
6038,0.6038,0.5975450714369417
6039,0.6039,0.5976565311688832
6040,0.604,0.5977679714995715
6041,0.6041000000000001,0.5978793924620242
6042,0.6042000000000001,0.5979907940891902
6043,0.6043000000000001,0.598102176413954
6044,0.6044,0.5982135394691329
6045,0.6045,0.5983248832874796
6046,0.6046,0.5984362079016802
6047,0.6047,0.5985475133443547
6048,0.6048,0.5986587996480586
6049,0.6049,0.5987700668452831
6050,0.605,0.5988813149684521
6051,0.6051000000000001,0.5989925440499267
6052,0.6052000000000001,0.5991037541220022
6053,0.6053000000000001,0.5992149452169105
6054,0.6054,0.5993261173668173
6055,0.6055,0.5994372706038268
6056,0.6056,0.5995484049599765
6057,0.6057,0.5996595204672425
6058,0.6058,0.5997706171575359
6059,0.6059,0.5998816950627045
6060,0.606,0.5999927542145325
6061,0.6061000000000001,0.6001037946447422
6062,0.6062000000000001,0.6002148163849921
6063,0.6063000000000001,0.6003258194668779
6064,0.6064,0.6004368039219328
6065,0.6065,0.6005477697816274
6066,0.6066,0.6006587170773702
6067,0.6067,0.6007696458405077
6068,0.6068,0.6008805561023246
6069,0.6069,0.6009914478940431
6070,0.607,0.6011023212468245
6071,0.6071000000000001,0.6012131761917682
6072,0.6072000000000001,0.601324012759912
6073,0.6073000000000001,0.601434830982234
6074,0.6074,0.6015456308896495
6075,0.6075,0.6016564125130132
6076,0.6076,0.6017671758831216
6077,0.6077,0.6018779210307069
6078,0.6078,0.601988647986444
6079,0.6079,0.6020993567809462
6080,0.608,0.6022100474447671
6081,0.6081,0.6023207200083998
6082,0.6082000000000001,0.6024313745022796
6083,0.6083000000000001,0.6025420109567797
6084,0.6084,0.6026526294022159
6085,0.6085,0.6027632298688441
6086,0.6086,0.6028738123868599
6087,0.6087,0.6029843769864023
6088,0.6088,0.6030949236975491
6089,0.6089,0.6032054525503223
6090,0.609,0.6033159635746821
6091,0.6091,0.603426456800533
6092,0.6092000000000001,0.6035369322577198
6093,0.6093000000000001,0.6036473899760301
6094,0.6094,0.6037578299851935
6095,0.6095,0.6038682523148808
6096,0.6096,0.6039786569947077
6097,0.6097,0.6040890440542298
6098,0.6098,0.6041994135229473
6099,0.6099,0.6043097654303016
6100,0.61,0.6044200998056788
6101,0.6101,0.604530416678407
6102,0.6102000000000001,0.6046407160777584
6103,0.6103000000000001,0.6047509980329479
6104,0.6104,0.6048612625731346
6105,0.6105,0.6049715097274204
6106,0.6106,0.605081739524853
6107,0.6107,0.6051919519944218
6108,0.6108,0.6053021471650616
6109,0.6109,0.6054123250656521
6110,0.611,0.605522485725017
6111,0.6111,0.6056326291719226
6112,0.6112000000000001,0.6057427554350843
6113,0.6113000000000001,0.6058528645431575
6114,0.6114,0.6059629565247465
6115,0.6115,0.6060730314083982
6116,0.6116,0.6061830892226059
6117,0.6117,0.606293129995809
6118,0.6118,0.606403153756391
6119,0.6119,0.606513160532682
6120,0.612,0.6066231503529579
6121,0.6121,0.6067331232454407
6122,0.6122000000000001,0.6068430792382985
6123,0.6123000000000001,0.6069530183596445
6124,0.6124,0.6070629406375405
6125,0.6125,0.6071728460999926
6126,0.6126,0.6072827347749555
6127,0.6127,0.6073926066903294
6128,0.6128,0.6075024618739618
6129,0.6129,0.6076123003536472
6130,0.613,0.6077221221571284
6131,0.6131,0.6078319273120942
6132,0.6132000000000001,0.6079417158461806
6133,0.6133000000000001,0.6080514877869725
6134,0.6134000000000001,0.6081612431620019
6135,0.6135,0.6082709819987484
6136,0.6136,0.60838070432464
6137,0.6137,0.6084904101670532
6138,0.6138,0.6086000995533116
6139,0.6139,0.6087097725106885
6140,0.614,0.6088194290664052
6141,0.6141,0.6089290692476301
6142,0.6142000000000001,0.6090386930814841
6143,0.6143000000000001,0.6091483005950328
6144,0.6144000000000001,0.6092578918152936
6145,0.6145,0.6093674667692326
6146,0.6146,0.6094770254837635
6147,0.6147,0.6095865679857518
6148,0.6148,0.6096960943020112
6149,0.6149,0.6098056044593057
6150,0.615,0.6099150984843476
6151,0.6151,0.6100245764038009
6152,0.6152000000000001,0.610134038244279
6153,0.6153000000000001,0.6102434840323452
6154,0.6154000000000001,0.6103529137945133
6155,0.6155,0.6104623275572477
6156,0.6156,0.6105717253469626
6157,0.6157,0.6106811071900231
6158,0.6158,0.6107904731127466
6159,0.6159,0.6108998231413988
6160,0.616,0.6110091573021986
6161,0.6161,0.6111184756213145
6162,0.6162000000000001,0.6112277781248668
6163,0.6163000000000001,0.6113370648389278
6164,0.6164000000000001,0.6114463357895209
6165,0.6165,0.61155559100262
6166,0.6166,0.6116648305041519
6167,0.6167,0.6117740543199962
6168,0.6168,0.6118832624759816
6169,0.6169,0.6119924549978917
6170,0.617,0.6121016319114608
6171,0.6171,0.6122107932423758
6172,0.6172000000000001,0.6123199390162766
6173,0.6173000000000001,0.6124290692587541
6174,0.6174000000000001,0.6125381839953536
6175,0.6175,0.6126472832515731
6176,0.6176,0.6127563670528612
6177,0.6177,0.6128654354246226
6178,0.6178,0.612974488392213
6179,0.6179,0.6130835259809427
6180,0.618,0.613192548216074
6181,0.6181,0.6133015551228231
6182,0.6182000000000001,0.6134105467263608
6183,0.6183000000000001,0.6135195230518105
6184,0.6184000000000001,0.6136284841242491
6185,0.6185,0.6137374299687087
6186,0.6186,0.6138463606101745
6187,0.6187,0.6139552760735859
6188,0.6188,0.6140641763838367
6189,0.6189,0.6141730615657752
6190,0.619,0.6142819316442037
6191,0.6191,0.6143907866438791
6192,0.6192000000000001,0.6144996265895138
6193,0.6193000000000001,0.614608451505774
6194,0.6194000000000001,0.6147172614172812
6195,0.6195,0.6148260563486118
6196,0.6196,0.6149348363242977
6197,0.6197,0.6150436013688252
6198,0.6198,0.6151523515066373
6199,0.6199,0.6152610867621309
6200,0.62,0.6153698071596594
6201,0.6201,0.6154785127235312
6202,0.6202000000000001,0.6155872034780111
6203,0.6203000000000001,0.6156958794473194
6204,0.6204000000000001,0.6158045406556318
6205,0.6205,0.6159131871270818
6206,0.6206,0.6160218188857571
6207,0.6207,0.6161304359557025
6208,0.6208,0.6162390383609194
6209,0.6209,0.6163476261253654
6210,0.621,0.6164561992729548
6211,0.6211,0.6165647578275585
6212,0.6212,0.6166733018130037
6213,0.6213000000000001,0.6167818312530762
6214,0.6214000000000001,0.6168903461715166
6215,0.6215,0.6169988465920234
6216,0.6216,0.6171073325382529
6217,0.6217,0.6172158040338183
6218,0.6218,0.61732426110229
6219,0.6219,0.6174327037671956
6220,0.622,0.6175411320520215
6221,0.6221,0.6176495459802112
6222,0.6222,0.6177579455751645
6223,0.6223000000000001,0.6178663308602417
6224,0.6224000000000001,0.6179747018587591
6225,0.6225,0.618083058593992
6226,0.6226,0.618191401089174
6227,0.6227,0.6182997293674961
6228,0.6228,0.6184080434521084
6229,0.6229,0.6185163433661196
6230,0.623,0.6186246291325961
6231,0.6231,0.6187329007745637
6232,0.6232,0.6188411583150074
6233,0.6233000000000001,0.6189494017768702
6234,0.6234000000000001,0.6190576311830539
6235,0.6235,0.6191658465564203
6236,0.6236,0.6192740479197896
6237,0.6237,0.6193822352959422
6238,0.6238,0.6194904087076157
6239,0.6239,0.6195985681775097
6240,0.624,0.6197067137282821
6241,0.6241,0.6198148453825496
6242,0.6242,0.6199229631628909
6243,0.6243000000000001,0.6200310670918423
6244,0.6244000000000001,0.6201391571919009
6245,0.6245,0.6202472334855245
6246,0.6246,0.6203552959951285
6247,0.6247,0.6204633447430916
6248,0.6248,0.6205713797517514
6249,0.6249,0.6206794010434051
6250,0.625,0.6207874086403111
6251,0.6251,0.6208954025646889
6252,0.6252,0.6210033828387175
6253,0.6253000000000001,0.6211113494845372
6254,0.6254000000000001,0.6212193025242496
6255,0.6255000000000001,0.6213272419799157
6256,0.6256,0.6214351678735595
6257,0.6257,0.6215430802271646
6258,0.6258,0.6216509790626765
6259,0.6259,0.6217588644020007
6260,0.626,0.6218667362670057
6261,0.6261,0.6219745946795209
6262,0.6262,0.6220824396613371
6263,0.6263000000000001,0.6221902712342061
6264,0.6264000000000001,0.6222980894198423
6265,0.6265000000000001,0.6224058942399223
6266,0.6266,0.6225136857160822
6267,0.6267,0.622621463869923
6268,0.6268,0.6227292287230061
6269,0.6269,0.6228369802968552
6270,0.627,0.6229447186129565
6271,0.6271,0.623052443692758
6272,0.6272,0.6231601555576713
6273,0.6273000000000001,0.6232678542290689
6274,0.6274000000000001,0.6233755397282869
6275,0.6275000000000001,0.6234832120766235
6276,0.6276,0.6235908712953394
6277,0.6277,0.6236985174056598
6278,0.6278,0.6238061504287703
6279,0.6279,0.6239137703858216
6280,0.628,0.6240213772979262
6281,0.6281,0.6241289711861604
6282,0.6282,0.6242365520715629
6283,0.6283000000000001,0.6243441199751364
6284,0.6284000000000001,0.6244516749178473
6285,0.6285000000000001,0.6245592169206248
6286,0.6286,0.6246667460043613
6287,0.6287,0.6247742621899144
6288,0.6288,0.624881765498103
6289,0.6289,0.6249892559497129
6290,0.629,0.6250967335654906
6291,0.6291,0.6252041983661489
6292,0.6292,0.6253116503723634
6293,0.6293000000000001,0.6254190896047745
6294,0.6294000000000001,0.6255265160839866
6295,0.6295000000000001,0.6256339298305675
6296,0.6296,0.6257413308650507
6297,0.6297,0.6258487192079334
6298,0.6298,0.625956094879678
6299,0.6299,0.6260634579007096
6300,0.63,0.6261708082914208
6301,0.6301,0.6262781460721673
6302,0.6302,0.6263854712632688
6303,0.6303000000000001,0.6264927838850115
6304,0.6304000000000001,0.6266000839576468
6305,0.6305000000000001,0.6267073715013886
6306,0.6306,0.6268146465364196
6307,0.6307,0.6269219090828843
6308,0.6308,0.6270291591608945
6309,0.6309,0.6271363967905275
6310,0.631,0.6272436219918248
6311,0.6311,0.627350834784794
6312,0.6312,0.6274580351894087
6313,0.6313000000000001,0.6275652232256073
6314,0.6314000000000001,0.6276723989132946
6315,0.6315000000000001,0.6277795622723411
6316,0.6316,0.6278867133225838
6317,0.6317,0.6279938520838239
6318,0.6318,0.6281009785758305
6319,0.6319,0.628208092818338
6320,0.632,0.6283151948310466
6321,0.6321,0.6284222846336242
6322,0.6322,0.628529362245703
6323,0.6323000000000001,0.6286364276868837
6324,0.6324000000000001,0.6287434809767317
6325,0.6325000000000001,0.6288505221347804
6326,0.6326,0.6289575511805283
6327,0.6327,0.629064568133443
6328,0.6328,0.6291715730129555
6329,0.6329,0.6292785658384669
6330,0.633,0.6293855466293433
6331,0.6331,0.629492515404918
6332,0.6332,0.6295994721844922
6333,0.6333000000000001,0.6297064169873337
6334,0.6334000000000001,0.6298133498326773
6335,0.6335000000000001,0.6299202707397259
6336,0.6336,0.6300271797276477
6337,0.6337,0.6301340768155818
6338,0.6338,0.6302409620226308
6339,0.6339,0.6303478353678682
6340,0.634,0.6304546968703333
6341,0.6341,0.6305615465490333
6342,0.6342,0.6306683844229435
6343,0.6343,0.6307752105110075
6344,0.6344000000000001,0.6308820248321351
6345,0.6345000000000001,0.6309888274052068
6346,0.6346,0.6310956182490681
6347,0.6347,0.6312023973825346
6348,0.6348,0.6313091648243904
6349,0.6349,0.6314159205933856
6350,0.635,0.6315226647082406
6351,0.6351,0.631629397187644
6352,0.6352,0.6317361180502518
6353,0.6353,0.6318428273146898
6354,0.6354000000000001,0.6319495249995514
6355,0.6355000000000001,0.6320562111233993
6356,0.6356,0.6321628857047642
6357,0.6357,0.6322695487621464
6358,0.6358,0.6323762003140141
6359,0.6359,0.6324828403788059
6360,0.636,0.6325894689749275
6361,0.6361,0.6326960861207552
6362,0.6362,0.6328026918346336
6363,0.6363,0.6329092861348767
6364,0.6364000000000001,0.6330158690397686
6365,0.6365000000000001,0.6331224405675602
6366,0.6366,0.633229000736475
6367,0.6367,0.6333355495647037
6368,0.6368,0.6334420870704071
6369,0.6369,0.6335486132717159
6370,0.637,0.6336551281867299
6371,0.6371,0.6337616318335196
6372,0.6372,0.6338681242301237
6373,0.6373,0.6339746053945516
6374,0.6374000000000001,0.6340810753447835
6375,0.6375000000000001,0.6341875340987678
6376,0.6376000000000001,0.6342939816744236
6377,0.6377,0.6344004180896412
6378,0.6378,0.6345068433622786
6379,0.6379,0.634613257510167
6380,0.638,0.6347196605511046
6381,0.6381,0.6348260525028634
6382,0.6382,0.6349324333831825
6383,0.6383,0.6350388032097741
6384,0.6384000000000001,0.6351451620003196
6385,0.6385000000000001,0.6352515097724706
6386,0.6386000000000001,0.6353578465438501
6387,0.6387,0.6354641723320522
6388,0.6388,0.6355704871546402
6389,0.6389,0.6356767910291499
6390,0.639,0.6357830839730871
6391,0.6391,0.6358893660039284
6392,0.6392,0.6359956371391216
6393,0.6393,0.6361018973960862
6394,0.6394000000000001,0.6362081467922123
6395,0.6395000000000001,0.6363143853448603
6396,0.6396000000000001,0.6364206130713637
6397,0.6397,0.6365268299890252
6398,0.6398,0.636633036115121
6399,0.6399,0.6367392314668973
6400,0.64,0.6368454160615717
6401,0.6401,0.6369515899163344
6402,0.6402,0.6370577530483466
6403,0.6403,0.6371639054747398
6404,0.6404000000000001,0.6372700472126203
6405,0.6405000000000001,0.6373761782790639
6406,0.6406000000000001,0.6374822986911179
6407,0.6407,0.6375884084658028
6408,0.6408,0.637694507620111
6409,0.6409,0.637800596171006
6410,0.641,0.6379066741354238
6411,0.6411,0.6380127415302723
6412,0.6412,0.6381187983724327
6413,0.6413,0.6382248446787565
6414,0.6414000000000001,0.6383308804660692
6415,0.6415000000000001,0.6384369057511678
6416,0.6416000000000001,0.6385429205508213
6417,0.6417,0.6386489248817723
6418,0.6418,0.6387549187607351
6419,0.6419,0.6388609022043971
6420,0.642,0.6389668752294173
6421,0.6421,0.6390728378524284
6422,0.6422,0.6391787900900362
6423,0.6423,0.6392847319588177
6424,0.6424000000000001,0.6393906634753243
6425,0.6425000000000001,0.6394965846560793
6426,0.6426000000000001,0.6396024955175786
6427,0.6427,0.6397083960762929
6428,0.6428,0.6398142863486651
6429,0.6429,0.6399201663511098
6430,0.643,0.6400260361000171
6431,0.6431,0.6401318956117482
6432,0.6432,0.6402377449026393
6433,0.6433,0.6403435839889987
6434,0.6434000000000001,0.6404494128871097
6435,0.6435000000000001,0.6405552316132263
6436,0.6436000000000001,0.6406610401835788
6437,0.6437,0.6407668386143696
6438,0.6438,0.6408726269217749
6439,0.6439,0.6409784051219444
6440,0.644,0.6410841732310025
6441,0.6441,0.6411899312650461
6442,0.6442,0.6412956792401462
6443,0.6443,0.6414014171723488
6444,0.6444000000000001,0.6415071450776718
6445,0.6445000000000001,0.6416128629721091
6446,0.6446000000000001,0.6417185708716269
6447,0.6447,0.641824268792167
6448,0.6448,0.6419299567496437
6449,0.6449,0.6420356347599481
6450,0.645,0.6421413028389421
6451,0.6451,0.6422469610024641
6452,0.6452,0.6423526092663268
6453,0.6453,0.6424582476463159
6454,0.6454000000000001,0.6425638761581935
6455,0.6455000000000001,0.6426694948176948
6456,0.6456000000000001,0.6427751036405299
6457,0.6457,0.6428807026423828
6458,0.6458,0.6429862918389133
6459,0.6459,0.6430918712457561
6460,0.646,0.6431974408785185
6461,0.6461,0.6433030007527849
6462,0.6462,0.6434085508841132
6463,0.6463,0.6435140912880372
6464,0.6464000000000001,0.6436196219800653
6465,0.6465000000000001,0.6437251429756796
6466,0.6466000000000001,0.6438306542903386
6467,0.6467,0.6439361559394763
6468,0.6468,0.6440416479385002
6469,0.6469,0.6441471303027947
6470,0.647,0.6442526030477184
6471,0.6471,0.6443580661886046
6472,0.6472,0.6444635197407633
6473,0.6473,0.6445689637194799
6474,0.6474000000000001,0.6446743981400144
6475,0.6475000000000001,0.6447798230176018
6476,0.6476000000000001,0.6448852383674543
6477,0.6477,0.6449906442047579
6478,0.6478,0.645096040544675
6479,0.6479,0.6452014274023444
6480,0.648,0.6453068047928792
6481,0.6481,0.6454121727313695
6482,0.6482,0.6455175312328805
6483,0.6483,0.6456228803124533
6484,0.6484,0.6457282199851053
6485,0.6485000000000001,0.645833550265829
6486,0.6486000000000001,0.6459388711695944
6487,0.6487,0.6460441827113459
6488,0.6488,0.6461494849060053
6489,0.6489,0.6462547777684687
6490,0.649,0.646360061313611
6491,0.6491,0.6464653355562813
6492,0.6492,0.6465706005113058
6493,0.6493,0.6466758561934864
6494,0.6494,0.6467811026176029
6495,0.6495000000000001,0.6468863397984097
6496,0.6496000000000001,0.646991567750638
6497,0.6497,0.6470967864889965
6498,0.6498,0.6472019960281695
6499,0.6499,0.6473071963828189
6500,0.65,0.6474123875675821
6501,0.6501,0.6475175695970734
6502,0.6502,0.6476227424858843
6503,0.6503,0.6477279062485829
6504,0.6504,0.6478330608997135
6505,0.6505000000000001,0.6479382064537995
6506,0.6506000000000001,0.6480433429253376
6507,0.6507000000000001,0.6481484703288051
6508,0.6508,0.6482535886786529
6509,0.6509,0.648358697989312
6510,0.651,0.6484637982751886
6511,0.6511,0.648568889550666
6512,0.6512,0.6486739718301062
6513,0.6513,0.6487790451278477
6514,0.6514,0.6488841094582045
6515,0.6515000000000001,0.6489891648354708
6516,0.6516000000000001,0.6490942112739156
6517,0.6517000000000001,0.6491992487877869
6518,0.6518,0.6493042773913106
6519,0.6519,0.6494092970986878
6520,0.652,0.6495143079240995
6521,0.6521,0.649619309881702
6522,0.6522,0.6497243029856319
6523,0.6523,0.6498292872500006
6524,0.6524,0.6499342626888999
6525,0.6525000000000001,0.650039229316397
6526,0.6526000000000001,0.6501441871465382
6527,0.6527000000000001,0.650249136193347
6528,0.6528,0.6503540764708255
6529,0.6529,0.6504590079929534
6530,0.653,0.6505639307736877
6531,0.6531,0.6506688448269639
6532,0.6532,0.6507737501666953
6533,0.6533,0.6508786468067744
6534,0.6534,0.6509835347610694
6535,0.6535000000000001,0.6510884140434299
6536,0.6536000000000001,0.6511932846676804
6537,0.6537000000000001,0.6512981466476256
6538,0.6538,0.6514029999970486
6539,0.6539,0.6515078447297095
6540,0.654,0.6516126808593476
6541,0.6541,0.6517175083996807
6542,0.6542,0.6518223273644045
6543,0.6543,0.6519271377671936
6544,0.6544,0.6520319396217015
6545,0.6545000000000001,0.6521367329415595
6546,0.6546000000000001,0.6522415177403771
6547,0.6547000000000001,0.6523462940317435
6548,0.6548,0.6524510618292262
6549,0.6549,0.6525558211463717
6550,0.655,0.6526605719967046
6551,0.6551,0.6527653143937282
6552,0.6552,0.6528700483509262
6553,0.6553,0.6529747738817591
6554,0.6554,0.6530794909996674
6555,0.6555000000000001,0.6531841997180708
6556,0.6556000000000001,0.653288900050368
6557,0.6557000000000001,0.6533935920099345
6558,0.6558,0.6534982756101289
6559,0.6559,0.6536029508642844
6560,0.656,0.6537076177857185
6561,0.6561,0.6538122763877221
6562,0.6562,0.6539169266835708
6563,0.6563,0.6540215686865151
6564,0.6564,0.6541262024097875
6565,0.6565000000000001,0.6542308278665995
6566,0.6566000000000001,0.6543354450701399
6567,0.6567000000000001,0.65444005403358
6568,0.6568,0.6545446547700681
6569,0.6569,0.6546492472927333
6570,0.657,0.6547538316146835
6571,0.6571,0.654858407749007
6572,0.6572,0.6549629757087713
6573,0.6573,0.6550675355070229
6574,0.6574,0.6551720871567894
6575,0.6575000000000001,0.6552766306710763
6576,0.6576000000000001,0.6553811660628703
6577,0.6577000000000001,0.6554856933451375
6578,0.6578,0.6555902125308234
6579,0.6579,0.6556947236328542
6580,0.658,0.6557992266641348
6581,0.6581,0.6559037216375515
6582,0.6582,0.65600820856597
6583,0.6583,0.6561126874622353
6584,0.6584,0.6562171583391725
6585,0.6585000000000001,0.6563216212095885
6586,0.6586000000000001,0.6564260760862681
6587,0.6587000000000001,0.6565305229819783
6588,0.6588,0.6566349619094638
6589,0.6589,0.6567393928814526
6590,0.659,0.6568438159106504
6591,0.6591,0.6569482310097439
6592,0.6592,0.6570526381914014
6593,0.6593,0.6571570374682701
6594,0.6594,0.6572614288529783
6595,0.6595000000000001,0.6573658123581338
6596,0.6596000000000001,0.6574701879963266
6597,0.6597000000000001,0.6575745557801257
6598,0.6598,0.6576789157220814
6599,0.6599,0.6577832678347236
6600,0.66,0.657887612130565
6601,0.6601,0.6579919486220965
6602,0.6602,0.6580962773217915
6603,0.6603,0.6582005982421026
6604,0.6604,0.6583049113954641
6605,0.6605000000000001,0.6584092167942917
6606,0.6606000000000001,0.6585135144509807
6607,0.6607000000000001,0.6586178043779074
6608,0.6608,0.6587220865874294
6609,0.6609,0.6588263610918856
6610,0.661,0.6589306279035956
6611,0.6611,0.6590348870348591
6612,0.6612,0.6591391384979585
6613,0.6613,0.6592433823051552
6614,0.6614,0.6593476184686943
6615,0.6615,0.6594518470007993
6616,0.6616000000000001,0.6595560679136772
6617,0.6617000000000001,0.6596602812195144
6618,0.6618,0.6597644869304801
6619,0.6619,0.6598686850587228
6620,0.662,0.6599728756163743
6621,0.6621,0.6600770586155473
6622,0.6622,0.6601812340683352
6623,0.6623,0.6602854019868131
6624,0.6624,0.6603895623830378
6625,0.6625,0.6604937152690464
6626,0.6626000000000001,0.6605978606568598
6627,0.6627000000000001,0.6607019985584786
6628,0.6628000000000001,0.6608061289858846
6629,0.6629,0.6609102519510437
6630,0.663,0.6610143674659001
6631,0.6631,0.6611184755423827
6632,0.6632,0.6612225761924008
6633,0.6633,0.6613266694278441
6634,0.6634,0.6614307552605869
6635,0.6635,0.6615348337024828
6636,0.6636000000000001,0.6616389047653688
6637,0.6637000000000001,0.661742968461063
6638,0.6638000000000001,0.6618470248013651
6639,0.6639,0.6619510737980584
6640,0.664,0.6620551154629057
6641,0.6641,0.6621591498076543
6642,0.6642,0.6622631768440311
6643,0.6643,0.662367196583747
6644,0.6644,0.6624712090384935
6645,0.6645,0.6625752142199463
6646,0.6646000000000001,0.6626792121397609
6647,0.6647000000000001,0.6627832028095763
6648,0.6648000000000001,0.6628871862410127
6649,0.6649,0.6629911624456748
6650,0.665,0.6630951314351469
6651,0.6651,0.6631990932209966
6652,0.6652,0.6633030478147744
6653,0.6653,0.6634069952280126
6654,0.6654,0.663510935472226
6655,0.6655,0.6636148685589124
6656,0.6656000000000001,0.663718794499551
6657,0.6657000000000001,0.6638227133056044
6658,0.6658000000000001,0.6639266249885162
6659,0.6659,0.6640305295597153
6660,0.666,0.6641344270306107
6661,0.6661,0.6642383174125953
6662,0.6662,0.6643422007170436
6663,0.6663,0.6644460769553144
6664,0.6664,0.6645499461387476
6665,0.6665,0.6646538082786662
6666,0.6666000000000001,0.6647576633863772
6667,0.6667000000000001,0.6648615114731681
6668,0.6668000000000001,0.6649653525503118
6669,0.6669,0.6650691866290614
6670,0.667,0.6651730137206558
6671,0.6671,0.6652768338363141
6672,0.6672,0.6653806469872408
6673,0.6673,0.6654844531846205
6674,0.6674,0.6655882524396239
6675,0.6675,0.6656920447634022
6676,0.6676000000000001,0.665795830167091
6677,0.6677000000000001,0.6658996086618092
6678,0.6678000000000001,0.6660033802586579
6679,0.6679,0.6661071449687217
6680,0.668,0.6662109028030682
6681,0.6681,0.6663146537727489
6682,0.6682,0.6664183978887985
6683,0.6683,0.6665221351622335
6684,0.6684,0.6666258656040553
6685,0.6685,0.6667295892252484
6686,0.6686000000000001,0.6668333060367797
6687,0.6687000000000001,0.6669370160496
6688,0.6688000000000001,0.6670407192746443
6689,0.6689,0.6671444157228299
6690,0.669,0.6672481054050582
6691,0.6691,0.6673517883322135
6692,0.6692,0.6674554645151647
6693,0.6693,0.6675591339647624
6694,0.6694,0.6676627966918434
6695,0.6695,0.6677664527072252
6696,0.6696000000000001,0.6678701020217115
6697,0.6697000000000001,0.6679737446460885
6698,0.6698000000000001,0.6680773805911254
6699,0.6699,0.6681810098675764
6700,0.67,0.6682846324861784
6701,0.6701,0.6683882484576533
6702,0.6702,0.6684918577927053
6703,0.6703,0.6685954605020236
6704,0.6704,0.6686990565962807
6705,0.6705,0.6688026460861332
6706,0.6706000000000001,0.6689062289822225
6707,0.6707000000000001,0.6690098052951711
6708,0.6708000000000001,0.6691133750355884
6709,0.6709,0.6692169382140665
6710,0.671,0.6693204948411823
6711,0.6711,0.6694240449274959
6712,0.6712,0.6695275884835512
6713,0.6713,0.6696311255198769
6714,0.6714,0.6697346560469867
6715,0.6715,0.669838180075377
6716,0.6716000000000001,0.6699416976155279
6717,0.6717000000000001,0.6700452086779055
6718,0.6718000000000001,0.6701487132729591
6719,0.6719,0.6702522114111229
6720,0.672,0.6703557031028136
6721,0.6721,0.6704591883584354
6722,0.6722,0.6705626671883734
6723,0.6723,0.6706661396029994
6724,0.6724,0.670769605612668
6725,0.6725,0.6708730652277204
6726,0.6726000000000001,0.6709765184584798
6727,0.6727000000000001,0.6710799653152554
6728,0.6728000000000001,0.6711834058083408
6729,0.6729,0.6712868399480129
6730,0.673,0.6713902677445344
6731,0.6731,0.6714936892081526
6732,0.6732,0.6715971043490989
6733,0.6733,0.6717005131775886
6734,0.6734,0.6718039157038236
6735,0.6735,0.6719073119379891
6736,0.6736000000000001,0.6720107018902547
6737,0.6737000000000001,0.6721140855707756
6738,0.6738000000000001,0.6722174629896915
6739,0.6739,0.6723208341571264
6740,0.674,0.6724241990831905
6741,0.6741,0.6725275577779767
6742,0.6742,0.6726309102515647
6743,0.6743,0.6727342565140187
6744,0.6744,0.6728375965753858
6745,0.6745,0.6729409304457011
6746,0.6746,0.6730442581349827
6747,0.6747000000000001,0.6731475796532344
6748,0.6748000000000001,0.6732508950104441
6749,0.6749,0.6733542042165857
6750,0.675,0.6734575072816181
6751,0.6751,0.6735608042154847
6752,0.6752,0.6736640950281149
6753,0.6753,0.6737673797294222
6754,0.6754,0.6738706583293056
6755,0.6755,0.6739739308376498
6756,0.6756,0.6740771972643236
6757,0.6757000000000001,0.6741804576191827
6758,0.6758000000000001,0.6742837119120664
6759,0.6759000000000001,0.6743869601528006
6760,0.676,0.6744902023511948
6761,0.6761,0.6745934385170453
6762,0.6762,0.6746966686601344
6763,0.6763,0.6747998927902269
6764,0.6764,0.6749031109170759
6765,0.6765,0.6750063230504191
6766,0.6766,0.6751095291999779
6767,0.6767000000000001,0.6752127293754621
6768,0.6768000000000001,0.6753159235865651
6769,0.6769000000000001,0.6754191118429659
6770,0.677,0.6755222941543294
6771,0.6771,0.6756254705303067
6772,0.6772,0.6757286409805324
6773,0.6773,0.6758318055146295
6774,0.6774,0.6759349641422049
6775,0.6775,0.6760381168728516
6776,0.6776,0.6761412637161479
6777,0.6777000000000001,0.6762444046816579
6778,0.6778000000000001,0.6763475397789327
6779,0.6779000000000001,0.6764506690175062
6780,0.678,0.6765537924069017
6781,0.6781,0.676656909956626
6782,0.6782,0.6767600216761724
6783,0.6783,0.6768631275750188
6784,0.6784,0.6769662276626317
6785,0.6785,0.6770693219484609
6786,0.6786,0.6771724104419435
6787,0.6787000000000001,0.677275493152502
6788,0.6788000000000001,0.6773785700895449
6789,0.6789000000000001,0.6774816412624662
6790,0.679,0.6775847066806476
6791,0.6791,0.677687766353455
6792,0.6792,0.6777908202902408
6793,0.6793,0.6778938685003438
6794,0.6794,0.6779969109930893
6795,0.6795,0.6780999477777883
6796,0.6796,0.6782029788637367
6797,0.6797000000000001,0.6783060042602189
6798,0.6798000000000001,0.6784090239765037
6799,0.6799000000000001,0.678512038021847
6800,0.68,0.6786150464054902
6801,0.6801,0.6787180491366616
6802,0.6802,0.6788210462245753
6803,0.6803,0.6789240376784327
6804,0.6804,0.6790270235074195
6805,0.6805,0.67913000372071
6806,0.6806,0.679232978327464
6807,0.6807000000000001,0.6793359473368266
6808,0.6808000000000001,0.6794389107579312
6809,0.6809000000000001,0.679541868599895
6810,0.681,0.6796448208718252
6811,0.6811,0.6797477675828129
6812,0.6812,0.6798507087419362
6813,0.6813,0.6799536443582597
6814,0.6814,0.6800565744408352
6815,0.6815,0.6801594989987
6816,0.6816,0.6802624180408792
6817,0.6817000000000001,0.6803653315763832
6818,0.6818000000000001,0.6804682396142099
6819,0.6819000000000001,0.6805711421633436
6820,0.682,0.6806740392327554
6821,0.6821,0.6807769308314026
6822,0.6822,0.6808798169682303
6823,0.6823,0.6809826976521681
6824,0.6824,0.6810855728921356
6825,0.6825,0.6811884426970354
6826,0.6826,0.6812913070757614
6827,0.6827000000000001,0.681394166037189
6828,0.6828000000000001,0.6814970195901849
6829,0.6829000000000001,0.681599867743601
6830,0.683,0.6817027105062751
6831,0.6831,0.6818055478870334
6832,0.6832,0.6819083798946889
6833,0.6833,0.6820112065380403
6834,0.6834,0.6821140278258742
6835,0.6835,0.6822168437669633
6836,0.6836,0.6823196543700698
6837,0.6837000000000001,0.6824224596439397
6838,0.6838000000000001,0.6825252595973081
6839,0.6839000000000001,0.6826280542388959
6840,0.684,0.6827308435774123
6841,0.6841,0.6828336276215529
6842,0.6842,0.6829364063799997
6843,0.6843,0.683039179861424
6844,0.6844,0.6831419480744815
6845,0.6845,0.6832447110278178
6846,0.6846,0.6833474687300632
6847,0.6847000000000001,0.6834502211898374
6848,0.6848000000000001,0.6835529684157455
6849,0.6849000000000001,0.6836557104163813
6850,0.685,0.6837584472003249
6851,0.6851,0.6838611787761442
6852,0.6852,0.6839639051523946
6853,0.6853,0.6840666263376181
6854,0.6854,0.6841693423403448
6855,0.6855,0.6842720531690912
6856,0.6856,0.6843747588323634
6857,0.6857000000000001,0.6844774593386522
6858,0.6858000000000001,0.6845801546964371
6859,0.6859000000000001,0.684682844914185
6860,0.686,0.6847855300003507
6861,0.6861,0.6848882099633754
6862,0.6862,0.6849908848116897
6863,0.6863,0.6850935545537092
6864,0.6864,0.6851962191978387
6865,0.6865,0.6852988787524709
6866,0.6866,0.6854015332259848
6867,0.6867000000000001,0.6855041826267474
6868,0.6868000000000001,0.6856068269631146
6869,0.6869000000000001,0.6857094662434287
6870,0.687,0.6858121004760191
6871,0.6871,0.685914729669204
6872,0.6872,0.6860173538312897
6873,0.6873,0.686119972970569
6874,0.6874,0.6862225870953229
6875,0.6875,0.6863251962138204
6876,0.6876,0.6864278003343177
6877,0.6877,0.6865303994650606
6878,0.6878000000000001,0.6866329936142802
6879,0.6879000000000001,0.6867355827901965
6880,0.6880000000000001,0.6868381670010179
6881,0.6881,0.6869407462549401
6882,0.6882,0.687043320560147
6883,0.6883,0.6871458899248106
6884,0.6884,0.68724845435709
6885,0.6885,0.6873510138651325
6886,0.6886,0.6874535684570746
6887,0.6887,0.6875561181410385
6888,0.6888000000000001,0.6876586629251369
6889,0.6889000000000001,0.687761202817469
6890,0.6890000000000001,0.687863737826122
6891,0.6891,0.687966267959172
6892,0.6892,0.6880687932246826
6893,0.6893,0.6881713136307057
6894,0.6894,0.6882738291852812
6895,0.6895,0.6883763398964367
6896,0.6896,0.6884788457721897
6897,0.6897,0.6885813468205436
6898,0.6898000000000001,0.6886838430494919
6899,0.6899000000000001,0.6887863344670141
6900,0.6900000000000001,0.688888821081081
6901,0.6901,0.6889913028996483
6902,0.6902,0.6890937799306626
6903,0.6903,0.6891962521820575
6904,0.6904,0.6892987196617553
6905,0.6905,0.6894011823776656
6906,0.6906,0.6895036403376887
6907,0.6907,0.6896060935497108
6908,0.6908000000000001,0.6897085420216076
6909,0.6909000000000001,0.689810985761243
6910,0.6910000000000001,0.6899134247764694
6911,0.6911,0.6900158590751275
6912,0.6912,0.6901182886650472
6913,0.6913,0.6902207135540452
6914,0.6914,0.6903231337499277
6915,0.6915,0.6904255492604904
6916,0.6916,0.6905279600935154
6917,0.6917,0.6906303662567743
6918,0.6918000000000001,0.6907327677580283
6919,0.6919000000000001,0.6908351646050251
6920,0.6920000000000001,0.6909375568055033
6921,0.6921,0.6910399443671873
6922,0.6922,0.6911423272977928
6923,0.6923,0.6912447056050232
6924,0.6924,0.6913470792965692
6925,0.6925,0.6914494483801128
6926,0.6926,0.6915518128633227
6927,0.6927,0.6916541727538558
6928,0.6928000000000001,0.6917565280593606
6929,0.6929000000000001,0.6918588787874708
6930,0.6930000000000001,0.6919612249458116
6931,0.6931,0.6920635665419956
6932,0.6932,0.6921659035836238
6933,0.6933,0.6922682360782878
6934,0.6934,0.6923705640335671
6935,0.6935,0.6924728874570282
6936,0.6936,0.6925752063562295
6937,0.6937,0.6926775207387165
6938,0.6938000000000001,0.6927798306120241
6939,0.6939000000000001,0.692882135983676
6940,0.6940000000000001,0.692984436861185
6941,0.6941,0.6930867332520516
6942,0.6942,0.6931890251637672
6943,0.6943,0.693291312603811
6944,0.6944,0.6933935955796519
6945,0.6945,0.6934958740987465
6946,0.6946,0.6935981481685424
6947,0.6947,0.6937004177964743
6948,0.6948000000000001,0.6938026829899668
6949,0.6949000000000001,0.693904943756433
6950,0.6950000000000001,0.6940072001032773
6951,0.6951,0.69410945203789
6952,0.6952,0.6942116995676524
6953,0.6953,0.6943139426999353
6954,0.6954,0.694416181442097
6955,0.6955,0.6945184158014863
6956,0.6956,0.6946206457854407
6957,0.6957,0.6947228714012874
6958,0.6958000000000001,0.694825092656342
6959,0.6959000000000001,0.6949273095579096
6960,0.6960000000000001,0.6950295221132848
6961,0.6961,0.6951317303297512
6962,0.6962,0.6952339342145819
6963,0.6963,0.6953361337750398
6964,0.6964,0.6954383290183754
6965,0.6965,0.6955405199518306
6966,0.6966,0.695642706582636
6967,0.6967,0.6957448889180097
6968,0.6968000000000001,0.6958470669651616
6969,0.6969000000000001,0.6959492407312909
6970,0.6970000000000001,0.6960514102235844
6971,0.6971,0.6961535754492196
6972,0.6972,0.6962557364153632
6973,0.6973,0.6963578931291714
6974,0.6974,0.6964600455977901
6975,0.6975,0.6965621938283538
6976,0.6976,0.6966643378279876
6977,0.6977,0.6967664776038055
6978,0.6978000000000001,0.6968686131629103
6979,0.6979000000000001,0.6969707445123967
6980,0.6980000000000001,0.6970728716593463
6981,0.6981,0.6971749946108323
6982,0.6982,0.6972771133739153
6983,0.6983,0.6973792279556483
6984,0.6984,0.6974813383630714
6985,0.6985,0.6975834446032161
6986,0.6986,0.6976855466831019
6987,0.6987,0.6977876446097401
6988,0.6988000000000001,0.6978897383901302
6989,0.6989000000000001,0.6979918280312609
6990,0.6990000000000001,0.6980939135401116
6991,0.6991,0.6981959949236526
6992,0.6992,0.6982980721888407
6993,0.6993,0.6984001453426254
6994,0.6994,0.6985022143919449
6995,0.6995,0.6986042793437266
6996,0.6996,0.6987063402048888
6997,0.6997,0.6988083969823397
6998,0.6998000000000001,0.698910449682975
6999,0.6999000000000001,0.6990124983136838
7000,0.7000000000000001,0.6991145428813427
7001,0.7001000000000001,0.6992165833928184
7002,0.7002,0.6993186198549688
7003,0.7003,0.699420652274639
7004,0.7004,0.6995226806586673
7005,0.7005,0.6996247050138799
7006,0.7006,0.6997267253470933
7007,0.7007,0.6998287416651151
7008,0.7008,0.699930753974741
7009,0.7009000000000001,0.7000327622827578
7010,0.7010000000000001,0.7001347665959419
7011,0.7011000000000001,0.7002367669210594
7012,0.7012,0.7003387632648692
7013,0.7013,0.7004407556341157
7014,0.7014,0.7005427440355368
7015,0.7015,0.7006447284758599
7016,0.7016,0.7007467089618008
7017,0.7017,0.7008486855000672
7018,0.7018,0.7009506580973567
7019,0.7019000000000001,0.7010526267603557
7020,0.7020000000000001,0.7011545914957423
7021,0.7021000000000001,0.7012565523101844
7022,0.7022,0.7013585092103399
7023,0.7023,0.7014604622028563
7024,0.7024,0.7015624112943728
7025,0.7025,0.7016643564915171
7026,0.7026,0.7017662978009077
7027,0.7027,0.7018682352291549
7028,0.7028,0.7019701687828572
7029,0.7029000000000001,0.7020720984686041
7030,0.7030000000000001,0.7021740242929756
7031,0.7031000000000001,0.7022759462625414
7032,0.7032,0.7023778643838625
7033,0.7033,0.7024797786634904
7034,0.7034,0.7025816891079647
7035,0.7035,0.7026835957238186
7036,0.7036,0.7027854985175729
7037,0.7037,0.7028873974957405
7038,0.7038,0.7029892926648238
7039,0.7039000000000001,0.7030911840313158
7040,0.7040000000000001,0.7031930716017011
7041,0.7041000000000001,0.7032949553824523
7042,0.7042,0.7033968353800351
7043,0.7043,0.703498711600904
7044,0.7044,0.7036005840515044
7045,0.7045,0.7037024527382721
7046,0.7046,0.7038043176676347
7047,0.7047,0.7039061788460076
7048,0.7048,0.7040080362797992
7049,0.7049000000000001,0.7041098899754084
7050,0.7050000000000001,0.7042117399392224
7051,0.7051000000000001,0.7043135861776213
7052,0.7052,0.7044154286969749
7053,0.7053,0.7045172675036437
7054,0.7054,0.7046191026039794
7055,0.7055,0.7047209340043227
7056,0.7056,0.7048227617110062
7057,0.7057,0.7049245857303535
7058,0.7058,0.705026406068678
7059,0.7059000000000001,0.7051282227322849
7060,0.7060000000000001,0.7052300357274685
7061,0.7061000000000001,0.7053318450605143
7062,0.7062,0.7054336507377003
7063,0.7063,0.7055354527652924
7064,0.7064,0.7056372511495504
7065,0.7065,0.7057390458967213
7066,0.7066,0.705840837013046
7067,0.7067,0.7059426245047545
7068,0.7068,0.7060444083780684
7069,0.7069000000000001,0.7061461886391995
7070,0.7070000000000001,0.7062479652943515
7071,0.7071000000000001,0.7063497383497165
7072,0.7072,0.7064515078114808
7073,0.7073,0.7065532736858197
7074,0.7074,0.7066550359788989
7075,0.7075,0.7067567946968761
7076,0.7076,0.7068585498458992
7077,0.7077,0.7069603014321081
7078,0.7078,0.707062049461633
7079,0.7079000000000001,0.7071637939405935
7080,0.7080000000000001,0.7072655348751035
7081,0.7081000000000001,0.7073672722712648
7082,0.7082,0.7074690061351715
7083,0.7083,0.7075707364729089
7084,0.7084,0.7076724632905531
7085,0.7085,0.7077741865941711
7086,0.7086,0.7078759063898203
7087,0.7087,0.7079776226835515
7088,0.7088,0.7080793354814028
7089,0.7089000000000001,0.7081810447894075
7090,0.7090000000000001,0.7082827506135865
7091,0.7091000000000001,0.7083844529599541
7092,0.7092,0.7084861518345144
7093,0.7093,0.7085878472432637
7094,0.7094,0.7086895391921885
7095,0.7095,0.7087912276872667
7096,0.7096,0.7088929127344685
7097,0.7097,0.7089945943397531
7098,0.7098,0.7090962725090725
7099,0.7099000000000001,0.70919794724837
7100,0.7100000000000001,0.7092996185635786
7101,0.7101000000000001,0.7094012864606246
7102,0.7102,0.709502950945424
7103,0.7103,0.7096046120238841
7104,0.7104,0.7097062697019045
7105,0.7105,0.7098079239853762
7106,0.7106,0.7099095748801787
7107,0.7107,0.7100112223921875
7108,0.7108,0.7101128665272641
7109,0.7109000000000001,0.710214507291266
7110,0.7110000000000001,0.7103161446900393
7111,0.7111000000000001,0.7104177787294228
7112,0.7112,0.7105194094152453
7113,0.7113,0.7106210367533281
7114,0.7114,0.7107226607494839
7115,0.7115,0.7108242814095153
7116,0.7116,0.7109258987392193
7117,0.7117,0.7110275127443808
7118,0.7118,0.7111291234307783
7119,0.7119000000000001,0.7112307308041819
7120,0.7120000000000001,0.7113323348703524
7121,0.7121000000000001,0.7114339356350414
7122,0.7122,0.7115355331039939
7123,0.7123,0.7116371272829444
7124,0.7124,0.7117387181776204
7125,0.7125,0.7118403057937391
7126,0.7126,0.7119418901370128
7127,0.7127,0.7120434712131408
7128,0.7128,0.7121450490278172
7129,0.7129000000000001,0.7122466235867261
7130,0.7130000000000001,0.7123481948955441
7131,0.7131000000000001,0.712449762959939
7132,0.7132000000000001,0.7125513277855698
7133,0.7133,0.7126528893780882
7134,0.7134,0.7127544477431359
7135,0.7135,0.7128560028863483
7136,0.7136,0.7129575548133502
7137,0.7137,0.7130591035297603
7138,0.7138,0.7131606490411866
7139,0.7139,0.7132621913532309
7140,0.7140000000000001,0.7133637304714859
7141,0.7141000000000001,0.713465266401535
7142,0.7142000000000001,0.7135667991489557
7143,0.7143,0.7136683287193145
7144,0.7144,0.7137698551181718
7145,0.7145,0.7138713783510783
7146,0.7146,0.7139728984235768
7147,0.7147,0.714074415341203
7148,0.7148,0.7141759291094836
7149,0.7149,0.714277439733936
7150,0.7150000000000001,0.7143789472200709
7151,0.7151000000000001,0.7144804515733901
7152,0.7152000000000001,0.7145819527993881
7153,0.7153,0.71468345090355
7154,0.7154,0.714784945891354
7155,0.7155,0.7148864377682692
7156,0.7156,0.7149879265397562
7157,0.7157,0.7150894122112692
7158,0.7158,0.7151908947882533
7159,0.7159,0.715292374276145
7160,0.7160000000000001,0.7153938506803733
7161,0.7161000000000001,0.7154953240063596
7162,0.7162000000000001,0.7155967942595155
7163,0.7163,0.7156982614452475
7164,0.7164,0.7157997255689509
7165,0.7165,0.7159011866360151
7166,0.7166,0.7160026446518202
7167,0.7167,0.7161040996217393
7168,0.7168,0.7162055515511377
7169,0.7169,0.7163070004453714
7170,0.7170000000000001,0.7164084463097892
7171,0.7171000000000001,0.7165098891497323
7172,0.7172000000000001,0.7166113289705327
7173,0.7173,0.7167127657775164
7174,0.7174,0.7168141995759999
7175,0.7175,0.7169156303712925
7176,0.7176,0.7170170581686947
7177,0.7177,0.7171184829735003
7178,0.7178,0.7172199047909951
7179,0.7179,0.7173213236264561
7180,0.7180000000000001,0.7174227394851534
7181,0.7181000000000001,0.7175241523723489
7182,0.7182000000000001,0.7176255622932957
7183,0.7183,0.7177269692532405
7184,0.7184,0.7178283732574224
7185,0.7185,0.7179297743110706
7186,0.7186,0.7180311724194092
7187,0.7187,0.7181325675876522
7188,0.7188,0.7182339598210077
7189,0.7189,0.7183353491246737
7190,0.7190000000000001,0.7184367355038436
7191,0.7191000000000001,0.7185381189637002
7192,0.7192000000000001,0.7186394995094202
7193,0.7193,0.7187408771461723
7194,0.7194,0.7188422518791165
7195,0.7195,0.7189436237134065
7196,0.7196,0.7190449926541872
7197,0.7197,0.7191463587065974
7198,0.7198,0.7192477218757658
7199,0.7199,0.7193490821668154
7200,0.7200000000000001,0.7194504395848617
7201,0.7201000000000001,0.7195517941350102
7202,0.7202000000000001,0.7196531458223624
7203,0.7203,0.7197544946520082
7204,0.7204,0.7198558406290332
7205,0.7205,0.7199571837585129
7206,0.7206,0.7200585240455182
7207,0.7207,0.720159861495109
7208,0.7208,0.7202611961123396
7209,0.7209,0.720362527902257
7210,0.7210000000000001,0.7204638568698989
7211,0.7211000000000001,0.7205651830202978
7212,0.7212000000000001,0.7206665063584771
7213,0.7213,0.7207678268894535
7214,0.7214,0.7208691446182346
7215,0.7215,0.720970459549823
7216,0.7216,0.721071771689211
7217,0.7217,0.7211730810413868
7218,0.7218,0.721274387611328
7219,0.7219,0.7213756914040061
7220,0.7220000000000001,0.721476992424386
7221,0.7221000000000001,0.7215782906774232
7222,0.7222000000000001,0.7216795861680669
7223,0.7223,0.7217808789012597
7224,0.7224,0.7218821688819351
7225,0.7225,0.7219834561150206
7226,0.7226,0.722084740605435
7227,0.7227,0.7221860223580913
7228,0.7228,0.7222873013778934
7229,0.7229,0.7223885776697399
7230,0.7230000000000001,0.7224898512385197
7231,0.7231000000000001,0.7225911220891162
7232,0.7232000000000001,0.7226923902264053
7233,0.7233,0.722793655655255
7234,0.7234,0.7228949183805247
7235,0.7235,0.7229961784070701
7236,0.7236,0.7230974357397363
7237,0.7237,0.7231986903833623
7238,0.7238,0.7232999423427796
7239,0.7239,0.7234011916228139
7240,0.7240000000000001,0.7235024382282814
7241,0.7241000000000001,0.7236036821639925
7242,0.7242000000000001,0.7237049234347497
7243,0.7243,0.7238061620453488
7244,0.7244,0.7239073980005779
7245,0.7245,0.7240086313052188
7246,0.7246,0.724109861964045
7247,0.7247,0.7242110899818233
7248,0.7248,0.7243123153633131
7249,0.7249,0.7244135381132677
7250,0.7250000000000001,0.7245147582364322
7251,0.7251000000000001,0.724615975737544
7252,0.7252000000000001,0.724717190621335
7253,0.7253000000000001,0.7248184028925292
7254,0.7254,0.7249196125558435
7255,0.7255,0.7250208196159872
7256,0.7256,0.7251220240776625
7257,0.7257,0.7252232259455667
7258,0.7258,0.7253244252243863
7259,0.7259,0.7254256219188046
7260,0.7260000000000001,0.725526816033495
7261,0.7261000000000001,0.7256280075731246
7262,0.7262000000000001,0.7257291965423545
7263,0.7263000000000001,0.7258303829458383
7264,0.7264,0.7259315667882209
7265,0.7265,0.7260327480741431
7266,0.7266,0.7261339268082362
7267,0.7267,0.7262351029951258
7268,0.7268,0.7263362766394306
7269,0.7269,0.7264374477457614
7270,0.727,0.7265386163187235
7271,0.7271000000000001,0.7266397823629134
7272,0.7272000000000001,0.7267409458829224
7273,0.7273000000000001,0.7268421068833333
7274,0.7274,0.7269432653687234
7275,0.7275,0.7270444213436628
7276,0.7276,0.727145574812713
7277,0.7277,0.7272467257804316
7278,0.7278,0.7273478742513673
7279,0.7279,0.7274490202300616
7280,0.728,0.7275501637210507
7281,0.7281000000000001,0.7276513047288632
7282,0.7282000000000001,0.7277524432580195
7283,0.7283000000000001,0.7278535793130358
7284,0.7284,0.7279547128984196
7285,0.7285,0.7280558440186712
7286,0.7286,0.7281569726782868
7287,0.7287,0.7282580988817526
7288,0.7288,0.7283592226335506
7289,0.7289,0.7284603439381528
7290,0.729,0.7285614628000283
7291,0.7291000000000001,0.7286625792236374
7292,0.7292000000000001,0.728763693213433
7293,0.7293000000000001,0.7288648047738623
7294,0.7294,0.7289659139093656
7295,0.7295,0.7290670206243761
7296,0.7296,0.7291681249233216
7297,0.7297,0.7292692268106215
7298,0.7298,0.7293703262906885
7299,0.7299,0.7294714233679306
7300,0.73,0.7295725180467475
7301,0.7301000000000001,0.7296736103315313
7302,0.7302000000000001,0.72977470022667
7303,0.7303000000000001,0.7298757877365434
7304,0.7304,0.7299768728655239
7305,0.7305,0.7300779556179793
7306,0.7306,0.7301790359982689
7307,0.7307,0.7302801140107472
7308,0.7308,0.7303811896597601
7309,0.7309,0.7304822629496487
7310,0.731,0.7305833338847453
7311,0.7311000000000001,0.7306844024693776
7312,0.7312000000000001,0.7307854687078673
7313,0.7313000000000001,0.730886532604526
7314,0.7314,0.7309875941636631
7315,0.7315,0.7310886533895785
7316,0.7316,0.7311897102865667
7317,0.7317,0.731290764858915
7318,0.7318,0.7313918171109055
7319,0.7319,0.7314928670468117
7320,0.732,0.7315939146709031
7321,0.7321000000000001,0.7316949599874403
7322,0.7322000000000001,0.731796003000679
7323,0.7323000000000001,0.7318970437148674
7324,0.7324,0.7319980821342479
7325,0.7325,0.7320991182630574
7326,0.7326,0.7322001521055237
7327,0.7327,0.7323011836658702
7328,0.7328,0.7324022129483133
7329,0.7329,0.7325032399570639
7330,0.733,0.7326042646963237
7331,0.7331000000000001,0.732705287170292
7332,0.7332000000000001,0.7328063073831578
7333,0.7333000000000001,0.7329073253391065
7334,0.7334,0.7330083410423153
7335,0.7335,0.7331093544969557
7336,0.7336,0.7332103657071946
7337,0.7337,0.7333113746771885
7338,0.7338,0.733412381411092
7339,0.7339,0.7335133859130495
7340,0.734,0.7336143881872024
7341,0.7341000000000001,0.7337153882376835
7342,0.7342000000000001,0.7338163860686194
7343,0.7343000000000001,0.7339173816841315
7344,0.7344,0.7340183750883337
7345,0.7345,0.7341193662853359
7346,0.7346,0.7342203552792383
7347,0.7347,0.7343213420741379
7348,0.7348,0.7344223266741229
7349,0.7349,0.7345233090832775
7350,0.735,0.7346242893056779
7351,0.7351000000000001,0.7347252673453948
7352,0.7352000000000001,0.7348262432064931
7353,0.7353000000000001,0.7349272168930302
7354,0.7354,0.7350281884090595
7355,0.7355,0.7351291577586248
7356,0.7356,0.7352301249457673
7357,0.7357,0.7353310899745196
7358,0.7358,0.7354320528489087
7359,0.7359,0.7355330135729562
7360,0.736,0.7356339721506765
7361,0.7361000000000001,0.7357349285860776
7362,0.7362000000000001,0.7358358828831636
7363,0.7363000000000001,0.735936835045929
7364,0.7364,0.7360377850783651
7365,0.7365,0.7361387329844562
7366,0.7366,0.7362396787681793
7367,0.7367,0.7363406224335071
7368,0.7368,0.736441563984405
7369,0.7369,0.736542503424832
7370,0.737,0.7366434407587423
7371,0.7371000000000001,0.7367443759900836
7372,0.7372000000000001,0.7368453091227964
7373,0.7373000000000001,0.7369462401608163
7374,0.7374,0.7370471691080733
7375,0.7375,0.7371480959684895
7376,0.7376,0.7372490207459825
7377,0.7377,0.7373499434444634
7378,0.7378,0.7374508640678374
7379,0.7379,0.7375517826200039
7380,0.738,0.737652699104855
7381,0.7381000000000001,0.7377536135262784
7382,0.7382000000000001,0.7378545258881545
7383,0.7383000000000001,0.7379554361943591
7384,0.7384000000000001,0.7380563444487609
7385,0.7385,0.7381572506552235
7386,0.7386,0.7382581548176039
7387,0.7387,0.738359056939752
7388,0.7388,0.7384599570255153
7389,0.7389,0.7385608550787305
7390,0.739,0.7386617511032334
7391,0.7391000000000001,0.7387626451028498
7392,0.7392000000000001,0.7388635370814022
7393,0.7393000000000001,0.7389644270427049
7394,0.7394000000000001,0.7390653149905689
7395,0.7395,0.7391662009287978
7396,0.7396,0.7392670848611891
7397,0.7397,0.7393679667915354
7398,0.7398,0.7394688467236217
7399,0.7399,0.7395697246612296
7400,0.74,0.739670600608133
7401,0.7401,0.7397714745681006
7402,0.7402000000000001,0.7398723465448951
7403,0.7403000000000001,0.7399732165422727
7404,0.7404000000000001,0.7400740845639859
7405,0.7405,0.740174950613779
7406,0.7406,0.7402758146953924
7407,0.7407,0.7403766768125586
7408,0.7408,0.7404775369690059
7409,0.7409,0.7405783951684568
7410,0.741,0.7406792514146266
7411,0.7411,0.7407801057112274
7412,0.7412000000000001,0.7408809580619627
7413,0.7413000000000001,0.7409818084705322
7414,0.7414000000000001,0.7410826569406287
7415,0.7415,0.7411835034759395
7416,0.7416,0.7412843480801471
7417,0.7417,0.7413851907569277
7418,0.7418,0.7414860315099506
7419,0.7419,0.7415868703428817
7420,0.742,0.7416877072593782
7421,0.7421,0.741788542263095
7422,0.7422000000000001,0.7418893753576792
7423,0.7423000000000001,0.7419902065467723
7424,0.7424000000000001,0.7420910358340106
7425,0.7425,0.7421918632230243
7426,0.7426,0.7422926887174387
7427,0.7427,0.7423935123208731
7428,0.7428,0.742494334036941
7429,0.7429,0.7425951538692497
7430,0.743,0.7426959718214023
7431,0.7431,0.7427967878969957
7432,0.7432000000000001,0.7428976020996194
7433,0.7433000000000001,0.7429984144328601
7434,0.7434000000000001,0.7430992249002975
7435,0.7435,0.7432000335055057
7436,0.7436,0.7433008402520529
7437,0.7437,0.743401645143503
7438,0.7438,0.7435024481834134
7439,0.7439,0.7436032493753358
7440,0.744,0.7437040487228161
7441,0.7441,0.7438048462293954
7442,0.7442000000000001,0.7439056418986097
7443,0.7443000000000001,0.7440064357339883
7444,0.7444000000000001,0.7441072277390556
7445,0.7445,0.7442080179173298
7446,0.7446,0.7443088062723244
7447,0.7447,0.7444095928075466
7448,0.7448,0.7445103775264994
7449,0.7449,0.7446111604326795
7450,0.745,0.7447119415295775
7451,0.7451,0.7448127208206801
7452,0.7452000000000001,0.7449134983094663
7453,0.7453000000000001,0.7450142739994111
7454,0.7454000000000001,0.7451150478939846
7455,0.7455,0.7452158199966504
7456,0.7456,0.7453165903108672
7457,0.7457,0.7454173588400876
7458,0.7458,0.7455181255877589
7459,0.7459,0.7456188905573241
7460,0.746,0.7457196537522193
7461,0.7461,0.7458204151758758
7462,0.7462000000000001,0.7459211748317206
7463,0.7463000000000001,0.746021932723173
7464,0.7464000000000001,0.7461226888536486
7465,0.7465,0.7462234432265572
7466,0.7466,0.7463241958453032
7467,0.7467,0.7464249467132865
7468,0.7468,0.7465256958338987
7469,0.7469,0.746626443210531
7470,0.747,0.7467271888465634
7471,0.7471,0.7468279327453757
7472,0.7472000000000001,0.7469286749103402
7473,0.7473000000000001,0.7470294153448229
7474,0.7474000000000001,0.747130154052186
7475,0.7475,0.7472308910357853
7476,0.7476,0.7473316262989733
7477,0.7477,0.7474323598450942
7478,0.7478,0.7475330916774895
7479,0.7479,0.7476338217994939
7480,0.748,0.747734550214438
7481,0.7481,0.7478352769256453
7482,0.7482000000000001,0.7479360019364372
7483,0.7483000000000001,0.7480367252501257
7484,0.7484000000000001,0.7481374468700213
7485,0.7485,0.7482381667994272
7486,0.7486,0.7483388850416415
7487,0.7487,0.748439601599957
7488,0.7488,0.7485403164776632
7489,0.7489,0.7486410296780417
7490,0.749,0.7487417412043706
7491,0.7491,0.7488424510599228
7492,0.7492000000000001,0.748943159247964
7493,0.7493000000000001,0.7490438657717575
7494,0.7494000000000001,0.74914457063456
7495,0.7495,0.7492452738396223
7496,0.7496,0.7493459753901921
7497,0.7497,0.7494466752895099
7498,0.7498,0.7495473735408117
7499,0.7499,0.749648070147329
7500,0.75,0.749748765112288
7501,0.7501,0.7498494584389095
7502,0.7502000000000001,0.7499501501304083
7503,0.7503000000000001,0.7500508401899951
7504,0.7504000000000001,0.7501515286208763
7505,0.7505000000000001,0.7502522154262512
7506,0.7506,0.7503529006093155
7507,0.7507,0.7504535841732589
7508,0.7508,0.7505542661212669
7509,0.7509,0.7506549464565191
7510,0.751,0.7507556251821911
7511,0.7511,0.7508563023014516
7512,0.7512000000000001,0.7509569778174671
7513,0.7513000000000001,0.7510576517333952
7514,0.7514000000000001,0.7511583240523915
7515,0.7515000000000001,0.7512589947776063
7516,0.7516,0.7513596639121832
7517,0.7517,0.751460331459262
7518,0.7518,0.7515609974219781
7519,0.7519,0.7516616618034597
7520,0.752,0.7517623246068323
7521,0.7521,0.751862985835215
7522,0.7522000000000001,0.7519636454917232
7523,0.7523000000000001,0.7520643035794653
7524,0.7524000000000001,0.752164960101546
7525,0.7525000000000001,0.7522656150610662
7526,0.7526,0.7523662684611186
7527,0.7527,0.7524669203047937
7528,0.7528,0.7525675705951773
7529,0.7529,0.7526682193353474
7530,0.753,0.7527688665283807
7531,0.7531,0.752869512177345
7532,0.7532,0.7529701562853074
7533,0.7533000000000001,0.7530707988553261
7534,0.7534000000000001,0.7531714398904575
7535,0.7535000000000001,0.7532720793937515
7536,0.7536,0.7533727173682533
7537,0.7537,0.7534733538170026
7538,0.7538,0.753573988743037
7539,0.7539,0.7536746221493846
7540,0.754,0.7537752540390735
7541,0.7541,0.7538758844151232
7542,0.7542,0.75397651328055
7543,0.7543000000000001,0.7540771406383648
7544,0.7544000000000001,0.7541777664915753
7545,0.7545000000000001,0.7542783908431816
7546,0.7546,0.75437901369618
7547,0.7547,0.7544796350535637
7548,0.7548,0.7545802549183197
7549,0.7549,0.7546808732934289
7550,0.755,0.7547814901818695
7551,0.7551,0.7548821055866141
7552,0.7552,0.7549827195106298
7553,0.7553000000000001,0.7550833319568805
7554,0.7554000000000001,0.7551839429283234
7555,0.7555000000000001,0.7552845524279121
7556,0.7556,0.7553851604585964
7557,0.7557,0.7554857670233184
7558,0.7558,0.7555863721250182
7559,0.7559,0.7556869757666301
7560,0.756,0.7557875779510836
7561,0.7561,0.7558881786813032
7562,0.7562,0.7559887779602096
7563,0.7563000000000001,0.7560893757907172
7564,0.7564000000000001,0.7561899721757376
7565,0.7565000000000001,0.7562905671181759
7566,0.7566,0.756391160620934
7567,0.7567,0.7564917526869079
7568,0.7568,0.7565923433189898
7569,0.7569,0.7566929325200663
7570,0.757,0.7567935202930204
7571,0.7571,0.7568941066407291
7572,0.7572,0.7569946915660661
7573,0.7573000000000001,0.7570952750718992
7574,0.7574000000000001,0.7571958571610926
7575,0.7575000000000001,0.7572964378365051
7576,0.7576,0.7573970171009908
7577,0.7577,0.7574975949574002
7578,0.7578,0.7575981714085782
7579,0.7579,0.7576987464573646
7580,0.758,0.7577993201065957
7581,0.7581,0.7578998923591028
7582,0.7582,0.7580004632177124
7583,0.7583000000000001,0.7581010326852466
7584,0.7584000000000001,0.7582016007645225
7585,0.7585000000000001,0.7583021674583531
7586,0.7586,0.7584027327695471
7587,0.7587,0.7585032967009073
7588,0.7588,0.7586038592552325
7589,0.7589,0.7587044204353184
7590,0.759,0.7588049802439538
7591,0.7591,0.7589055386839241
7592,0.7592,0.7590060957580109
7593,0.7593000000000001,0.75910665146899
7594,0.7594000000000001,0.7592072058196327
7595,0.7595000000000001,0.7593077588127065
7596,0.7596,0.7594083104509739
7597,0.7597,0.7595088607371929
7598,0.7598,0.7596094096741169
7599,0.7599,0.759709957264496
7600,0.76,0.7598105035110732
7601,0.7601,0.7599110484165891
7602,0.7602,0.7600115919837798
7603,0.7603000000000001,0.7601121342153758
7604,0.7604000000000001,0.7602126751141041
7605,0.7605000000000001,0.7603132146826858
7606,0.7606,0.7604137529238395
7607,0.7607,0.7605142898402785
7608,0.7608,0.7606148254347104
7609,0.7609,0.7607153597098404
7610,0.761,0.7608158926683672
7611,0.7611,0.7609164243129877
7612,0.7612,0.761016954646391
7613,0.7613000000000001,0.7611174836712646
7614,0.7614000000000001,0.7612180113902909
7615,0.7615000000000001,0.7613185378061464
7616,0.7616,0.761419062921505
7617,0.7617,0.7615195867390355
7618,0.7618,0.7616201092614017
7619,0.7619,0.7617206304912643
7620,0.762,0.7618211504312783
7621,0.7621,0.7619216690840954
7622,0.7622,0.7620221864523626
7623,0.7623000000000001,0.7621227025387213
7624,0.7624000000000001,0.76222321734581
7625,0.7625000000000001,0.7623237308762633
7626,0.7626000000000001,0.7624242431327095
7627,0.7627,0.7625247541177738
7628,0.7628,0.762625263834077
7629,0.7629,0.7627257722842359
7630,0.763,0.7628262794708616
7631,0.7631,0.7629267853965628
7632,0.7632,0.7630272900639413
7633,0.7633000000000001,0.7631277934755972
7634,0.7634000000000001,0.7632282956341255
7635,0.7635000000000001,0.7633287965421153
7636,0.7636000000000001,0.7634292962021542
7637,0.7637,0.7635297946168236
7638,0.7638,0.7636302917886999
7639,0.7639,0.7637307877203572
7640,0.764,0.763831282414364
7641,0.7641,0.7639317758732859
7642,0.7642,0.7640322680996824
7643,0.7643000000000001,0.76413275909611
7644,0.7644000000000001,0.7642332488651206
7645,0.7645000000000001,0.7643337374092617
7646,0.7646000000000001,0.7644342247310771
7647,0.7647,0.7645347108331051
7648,0.7648,0.7646351957178809
7649,0.7649,0.7647356793879359
7650,0.765,0.7648361618457957
7651,0.7651,0.7649366430939831
7652,0.7652,0.765037123135016
7653,0.7653000000000001,0.7651376019714089
7654,0.7654000000000001,0.7652380796056696
7655,0.7655000000000001,0.7653385560403057
7656,0.7656000000000001,0.7654390312778167
7657,0.7657,0.7655395053207005
7658,0.7658,0.7656399781714495
7659,0.7659,0.7657404498325531
7660,0.766,0.7658409203064958
7661,0.7661,0.7659413895957572
7662,0.7662,0.7660418577028144
7663,0.7663000000000001,0.7661423246301388
7664,0.7664000000000001,0.7662427903801993
7665,0.7665000000000001,0.7663432549554585
7666,0.7666000000000001,0.7664437183583765
7667,0.7667,0.7665441805914092
7668,0.7668,0.7666446416570076
7669,0.7669,0.7667451015576192
7670,0.767,0.766845560295687
7671,0.7671,0.7669460178736502
7672,0.7672,0.7670464742939433
7673,0.7673,0.7671469295589982
7674,0.7674000000000001,0.7672473836712415
7675,0.7675000000000001,0.7673478366330944
7676,0.7676000000000001,0.767448288446977
7677,0.7677,0.7675487391153039
7678,0.7678,0.7676491886404848
7679,0.7679,0.7677496370249265
7680,0.768,0.767850084271031
7681,0.7681,0.7679505303811966
7682,0.7682,0.7680509753578181
7683,0.7683,0.7681514192032856
7684,0.7684000000000001,0.7682518619199853
7685,0.7685000000000001,0.7683523035102988
7686,0.7686000000000001,0.7684527439766043
7687,0.7687,0.7685531833212764
7688,0.7688,0.7686536215466847
7689,0.7689,0.7687540586551951
7690,0.769,0.7688544946491706
7691,0.7691,0.768954929530968
7692,0.7692,0.7690553633029423
7693,0.7693,0.7691557959674437
7694,0.7694000000000001,0.7692562275268173
7695,0.7695000000000001,0.769356657983406
7696,0.7696000000000001,0.7694570873395482
7697,0.7697,0.7695575155975769
7698,0.7698,0.7696579427598232
7699,0.7699,0.7697583688286128
7700,0.77,0.7698587938062684
7701,0.7701,0.7699592176951082
7702,0.7702,0.7700596404974475
7703,0.7703,0.7701600622155953
7704,0.7704000000000001,0.7702604828518589
7705,0.7705000000000001,0.7703609024085405
7706,0.7706000000000001,0.7704613208879395
7707,0.7707,0.7705617382923496
7708,0.7708,0.7706621546240632
7709,0.7709,0.7707625698853656
7710,0.771,0.7708629840785403
7711,0.7711,0.7709633972058682
7712,0.7712,0.7710638092696218
7713,0.7713,0.7711642202720745
7714,0.7714000000000001,0.7712646302154926
7715,0.7715000000000001,0.7713650391021405
7716,0.7716000000000001,0.7714654469342778
7717,0.7717,0.7715658537141608
7718,0.7718,0.7716662594440402
7719,0.7719,0.7717666641261652
7720,0.772,0.7718670677627806
7721,0.7721,0.7719674703561257
7722,0.7722,0.7720678719084374
7723,0.7723,0.7721682724219497
7724,0.7724000000000001,0.7722686718988903
7725,0.7725000000000001,0.7723690703414844
7726,0.7726000000000001,0.7724694677519544
7727,0.7727,0.7725698641325167
7728,0.7728,0.7726702594853857
7729,0.7729,0.7727706538127713
7730,0.773,0.772871047116879
7731,0.7731,0.7729714393999118
7732,0.7732,0.7730718306640685
7733,0.7733,0.7731722209115426
7734,0.7734000000000001,0.7732726101445262
7735,0.7735000000000001,0.7733729983652063
7736,0.7736000000000001,0.773473385575766
7737,0.7737,0.7735737717783854
7738,0.7738,0.7736741569752402
7739,0.7739,0.773774541168503
7740,0.774,0.7738749243603411
7741,0.7741,0.7739753065529207
7742,0.7742,0.7740756877484013
7743,0.7743,0.7741760679489404
7744,0.7744000000000001,0.7742764471566925
7745,0.7745000000000001,0.7743768253738071
7746,0.7746000000000001,0.7744772026024298
7747,0.7747,0.7745775788447024
7748,0.7748,0.7746779541027642
7749,0.7749,0.7747783283787497
7750,0.775,0.7748787016747906
7751,0.7751,0.7749790739930144
7752,0.7752,0.7750794453355452
7753,0.7753,0.7751798157045022
7754,0.7754000000000001,0.7752801851020035
7755,0.7755000000000001,0.7753805535301597
7756,0.7756000000000001,0.7754809209910813
7757,0.7757000000000001,0.7755812874868739
7758,0.7758,0.7756816530196385
7759,0.7759,0.7757820175914741
7760,0.776,0.7758823812044747
7761,0.7761,0.7759827438607313
7762,0.7762,0.7760831055623317
7763,0.7763,0.7761834663113586
7764,0.7764000000000001,0.7762838261098923
7765,0.7765000000000001,0.776384184960009
7766,0.7766000000000001,0.7764845428637814
7767,0.7767000000000001,0.7765848998232789
7768,0.7768,0.7766852558405672
7769,0.7769,0.7767856109177081
7770,0.777,0.7768859650567594
7771,0.7771,0.7769863182597759
7772,0.7772,0.7770866705288098
7773,0.7773,0.7771870218659066
7774,0.7774000000000001,0.7772873722731115
7775,0.7775000000000001,0.7773877217524652
7776,0.7776000000000001,0.777488070306004
7777,0.7777000000000001,0.777588417935761
7778,0.7778,0.7776887646437662
7779,0.7779,0.777789110432045
7780,0.778,0.7778894553026214
7781,0.7781,0.7779897992575129
7782,0.7782,0.7780901422987355
7783,0.7783,0.7781904844283015
7784,0.7784000000000001,0.7782908256482187
7785,0.7785000000000001,0.778391165960493
7786,0.7786000000000001,0.7784915053671245
7787,0.7787000000000001,0.778591843870112
7788,0.7788,0.7786921814714487
7789,0.7789,0.7787925181731266
7790,0.779,0.7788928539771324
7791,0.7791,0.7789931888854507
7792,0.7792,0.7790935229000603
7793,0.7793,0.7791938560229386
7794,0.7794000000000001,0.7792941882560597
7795,0.7795000000000001,0.7793945196013936
7796,0.7796000000000001,0.7794948500609049
7797,0.7797000000000001,0.7795951796365578
7798,0.7798,0.7796955083303119
7799,0.7799,0.779795836144123
7800,0.78,0.7798961630799426
7801,0.7801,0.7799964891397214
7802,0.7802,0.7800968143254042
7803,0.7803,0.780197138638933
7804,0.7804,0.7802974620822475
7805,0.7805000000000001,0.7803977846572816
7806,0.7806000000000001,0.7804981063659674
7807,0.7807000000000001,0.7805984272102343
7808,0.7808,0.7806987471920076
7809,0.7809,0.7807990663132071
7810,0.781,0.7808993845757527
7811,0.7811,0.7809997019815577
7812,0.7812,0.7811000185325353
7813,0.7813,0.7812003342305921
7814,0.7814,0.7813006490776329
7815,0.7815000000000001,0.78140096307556
7816,0.7816000000000001,0.7815012762262699
7817,0.7817000000000001,0.7816015885316577
7818,0.7818,0.7817018999936147
7819,0.7819,0.7818022106140274
7820,0.782,0.7819025203947816
7821,0.7821,0.7820028293377583
7822,0.7822,0.7821031374448337
7823,0.7823,0.7822034447178839
7824,0.7824,0.7823037511587785
7825,0.7825000000000001,0.7824040567693848
7826,0.7826000000000001,0.7825043615515687
7827,0.7827000000000001,0.78260466550719
7828,0.7828,0.7827049686381059
7829,0.7829,0.7828052709461721
7830,0.783,0.7829055724332382
7831,0.7831,0.7830058731011524
7832,0.7832,0.7831061729517598
7833,0.7833,0.7832064719869002
7834,0.7834,0.7833067702084113
7835,0.7835000000000001,0.7834070676181286
7836,0.7836000000000001,0.7835073642178827
7837,0.7837000000000001,0.7836076600095007
7838,0.7838,0.7837079549948083
7839,0.7839,0.7838082491756269
7840,0.784,0.7839085425537733
7841,0.7841,0.7840088351310628
7842,0.7842,0.7841091269093073
7843,0.7843,0.7842094178903148
7844,0.7844,0.7843097080758904
7845,0.7845000000000001,0.7844099974678352
7846,0.7846000000000001,0.7845102860679488
7847,0.7847000000000001,0.7846105738780246
7848,0.7848,0.7847108608998562
7849,0.7849,0.7848111471352323
7850,0.785,0.7849114325859372
7851,0.7851,0.7850117172537545
7852,0.7852,0.7851120011404628
7853,0.7853,0.7852122842478372
7854,0.7854,0.7853125665776515
7855,0.7855000000000001,0.785412848131675
7856,0.7856000000000001,0.7855131289116737
7857,0.7857000000000001,0.7856134089194095
7858,0.7858,0.785713688156644
7859,0.7859,0.7858139666251339
7860,0.786,0.785914244326631
7861,0.7861,0.7860145212628867
7862,0.7862,0.7861147974356477
7863,0.7863,0.7862150728466588
7864,0.7864,0.7863153474976596
7865,0.7865000000000001,0.786415621390389
7866,0.7866000000000001,0.78651589452658
7867,0.7867000000000001,0.7866161669079652
7868,0.7868,0.7867164385362717
7869,0.7869,0.7868167094132247
7870,0.787,0.7869169795405467
7871,0.7871,0.7870172489199568
7872,0.7872,0.7871175175531686
7873,0.7873,0.7872177854418964
7874,0.7874,0.7873180525878494
7875,0.7875000000000001,0.7874183189927323
7876,0.7876000000000001,0.7875185846582501
7877,0.7877000000000001,0.7876188495861012
7878,0.7878000000000001,0.7877191137779836
7879,0.7879,0.7878193772355906
7880,0.788,0.7879196399606136
7881,0.7881,0.7880199019547389
7882,0.7882,0.7881201632196515
7883,0.7883,0.7882204237570334
7884,0.7884,0.7883206835685624
7885,0.7885000000000001,0.7884209426559139
7886,0.7886000000000001,0.7885212010207593
7887,0.7887000000000001,0.7886214586647687
7888,0.7888000000000001,0.7887217155896082
7889,0.7889,0.7888219717969405
7890,0.789,0.7889222272884251
7891,0.7891,0.7890224820657201
7892,0.7892,0.7891227361304771
7893,0.7893,0.7892229894843492
7894,0.7894,0.7893232421289832
7895,0.7895000000000001,0.7894234940660234
7896,0.7896000000000001,0.7895237452971124
7897,0.7897000000000001,0.7896239958238883
7898,0.7898000000000001,0.7897242456479865
7899,0.7899,0.7898244947710398
7900,0.79,0.7899247431946783
7901,0.7901,0.7900249909205282
7902,0.7902,0.7901252379502126
7903,0.7903,0.7902254842853534
7904,0.7904,0.7903257299275669
7905,0.7905000000000001,0.7904259748784677
7906,0.7906000000000001,0.7905262191396689
7907,0.7907000000000001,0.7906264627127769
7908,0.7908000000000001,0.7907267055993998
7909,0.7909,0.7908269478011379
7910,0.791,0.7909271893195927
7911,0.7911,0.7910274301563605
7912,0.7912,0.7911276703130337
7913,0.7913,0.7912279097912047
7914,0.7914,0.7913281485924608
7915,0.7915000000000001,0.7914283867183872
7916,0.7916000000000001,0.7915286241705664
7917,0.7917000000000001,0.7916288609505755
7918,0.7918000000000001,0.7917290970599918
7919,0.7919,0.7918293325003884
7920,0.792,0.7919295672733357
7921,0.7921,0.7920298013804005
7922,0.7922,0.7921300348231469
7923,0.7923,0.792230267603137
7924,0.7924,0.7923304997219294
7925,0.7925000000000001,0.79243073118108
7926,0.7926000000000001,0.79253096198214
7927,0.7927000000000001,0.7926311921266606
7928,0.7928000000000001,0.7927314216161878
7929,0.7929,0.7928316504522668
7930,0.793,0.792931878636437
7931,0.7931,0.7930321061702382
7932,0.7932,0.7931323330552054
7933,0.7933,0.7932325592928703
7934,0.7934,0.7933327848847636
7935,0.7935,0.7934330098324109
7936,0.7936000000000001,0.7935332341373379
7937,0.7937000000000001,0.7936334578010635
7938,0.7938000000000001,0.7937336808251065
7939,0.7939,0.7938339032109828
7940,0.794,0.7939341249602047
7941,0.7941,0.7940343460742817
7942,0.7942,0.7941345665547198
7943,0.7943,0.7942347864030237
7944,0.7944,0.794335005620695
7945,0.7945,0.7944352242092307
7946,0.7946000000000001,0.7945354421701278
7947,0.7947000000000001,0.7946356595048778
7948,0.7948000000000001,0.7947358762149699
7949,0.7949,0.7948360923018922
7950,0.795,0.7949363077671293
7951,0.7951,0.7950365226121612
7952,0.7952,0.7951367368384676
7953,0.7953,0.7952369504475237
7954,0.7954,0.7953371634408022
7955,0.7955,0.7954373758197738
7956,0.7956000000000001,0.7955375875859066
7957,0.7957000000000001,0.7956377987406636
7958,0.7958000000000001,0.795738009285508
7959,0.7959,0.7958382192218978
7960,0.796,0.7959384285512904
7961,0.7961,0.7960386372751387
7962,0.7962,0.7961388453948931
7963,0.7963,0.7962390529120031
7964,0.7964,0.796339259827912
7965,0.7965,0.7964394661440642
7966,0.7966000000000001,0.7965396718618979
7967,0.7967000000000001,0.7966398769828512
7968,0.7968000000000001,0.7967400815083583
7969,0.7969,0.7968402854398502
7970,0.797,0.7969404887787557
7971,0.7971,0.7970406915265016
7972,0.7972,0.7971408936845107
7973,0.7973,0.7972410952542035
7974,0.7974,0.7973412962369985
7975,0.7975,0.7974414966343111
7976,0.7976000000000001,0.7975416964475533
7977,0.7977000000000001,0.7976418956781348
7978,0.7978000000000001,0.7977420943274631
7979,0.7979,0.7978422923969432
7980,0.798,0.7979424898879758
7981,0.7981,0.7980426868019604
7982,0.7982,0.7981428831402929
7983,0.7983,0.7982430789043679
7984,0.7984,0.7983432740955754
7985,0.7985,0.7984434687153048
7986,0.7986000000000001,0.7985436627649413
7987,0.7987000000000001,0.7986438562458672
7988,0.7988000000000001,0.7987440491594641
7989,0.7989,0.7988442415071088
7990,0.799,0.798944433290176
7991,0.7991,0.7990446245100397
7992,0.7992,0.7991448151680681
7993,0.7993,0.7992450052656295
7994,0.7994,0.7993451948040873
7995,0.7995,0.7994453837848032
7996,0.7996000000000001,0.7995455722091378
7997,0.7997000000000001,0.799645760078447
7998,0.7998000000000001,0.7997459473940836
7999,0.7999,0.7998461341574007
8000,0.8,0.7999463203697459
8001,0.8001,0.8000465060324652
8002,0.8002,0.8001466911469031
8003,0.8003,0.8002468757143996
8004,0.8004,0.8003470597362933
8005,0.8005,0.8004472432139208
8006,0.8006000000000001,0.8005474261486132
8007,0.8007000000000001,0.8006476085417026
8008,0.8008000000000001,0.8007477903945166
8009,0.8009000000000001,0.8008479717083801
8010,0.801,0.8009481524846164
8011,0.8011,0.8010483327245457
8012,0.8012,0.8011485124294846
8013,0.8013,0.80124869160075
8014,0.8014,0.801348870239653
8015,0.8015,0.8014490483475034
8016,0.8016000000000001,0.8015492259256098
8017,0.8017000000000001,0.8016494029752764
8018,0.8018000000000001,0.8017495794978051
8019,0.8019000000000001,0.8018497554944963
8020,0.802,0.8019499309666462
8021,0.8021,0.8020501059155505
8022,0.8022,0.8021502803425018
8023,0.8023,0.8022504542487883
8024,0.8024,0.8023506276356973
8025,0.8025,0.802450800504514
8026,0.8026000000000001,0.8025509728565208
8027,0.8027000000000001,0.802651144692996
8028,0.8028000000000001,0.8027513160152171
8029,0.8029000000000001,0.8028514868244587
8030,0.803,0.8029516571219935
8031,0.8031,0.8030518269090902
8032,0.8032,0.8031519961870156
8033,0.8033,0.8032521649570342
8034,0.8034,0.803352333220409
8035,0.8035,0.8034525009783993
8036,0.8036000000000001,0.8035526682322615
8037,0.8037000000000001,0.8036528349832498
8038,0.8038000000000001,0.8037530012326175
8039,0.8039000000000001,0.8038531669816138
8040,0.804,0.8039533322314859
8041,0.8041,0.8040534969834783
8042,0.8042,0.8041536612388338
8043,0.8043,0.8042538249987908
8044,0.8044,0.8043539882645885
8045,0.8045,0.8044541510374605
8046,0.8046000000000001,0.8045543133186395
8047,0.8047000000000001,0.8046544751093565
8048,0.8048000000000001,0.8047546364108372
8049,0.8049000000000001,0.804854797224308
8050,0.805,0.8049549575509917
8051,0.8051,0.805055117392108
8052,0.8052,0.8051552767488752
8053,0.8053,0.8052554356225086
8054,0.8054,0.8053555940142209
8055,0.8055,0.8054557519252229
8056,0.8056000000000001,0.8055559093567228
8057,0.8057000000000001,0.8056560663099258
8058,0.8058000000000001,0.8057562227860366
8059,0.8059000000000001,0.8058563787862558
8060,0.806,0.8059565343117809
8061,0.8061,0.8060566893638098
8062,0.8062,0.8061568439435342
8063,0.8063,0.8062569980521475
8064,0.8064,0.8063571516908375
8065,0.8065,0.8064573048607916
8066,0.8066,0.8065574575631935
8067,0.8067000000000001,0.8066576097992257
8068,0.8068000000000001,0.8067577615700673
8069,0.8069000000000001,0.8068579128768962
8070,0.807,0.8069580637208862
8071,0.8071,0.8070582141032105
8072,0.8072,0.8071583640250384
8073,0.8073,0.8072585134875391
8074,0.8074,0.807358662491877
8075,0.8075,0.8074588110392149
8076,0.8076,0.8075589591307147
8077,0.8077000000000001,0.807659106767534
8078,0.8078000000000001,0.8077592539508291
8079,0.8079000000000001,0.8078594006817535
8080,0.808,0.8079595469614589
8081,0.8081,0.8080596927910942
8082,0.8082,0.808159838171806
8083,0.8083,0.8082599831047397
8084,0.8084,0.8083601275910366
8085,0.8085,0.8084602716318371
8086,0.8086,0.8085604152282783
8087,0.8087000000000001,0.8086605583814952
8088,0.8088000000000001,0.8087607010926214
8089,0.8089000000000001,0.8088608433627873
8090,0.809,0.8089609851931218
8091,0.8091,0.8090611265847497
8092,0.8092,0.8091612675387958
8093,0.8093,0.8092614080563819
8094,0.8094,0.8093615481386256
8095,0.8095,0.8094616877866463
8096,0.8096,0.8095618270015563
8097,0.8097000000000001,0.8096619657844695
8098,0.8098000000000001,0.8097621041364962
8099,0.8099000000000001,0.8098622420587436
8100,0.81,0.809962379552317
8101,0.8101,0.8100625166183213
8102,0.8102,0.810162653257856
8103,0.8103,0.8102627894720205
8104,0.8104,0.8103629252619119
8105,0.8105,0.8104630606286248
8106,0.8106,0.810563195573251
8107,0.8107000000000001,0.8106633300968802
8108,0.8108000000000001,0.8107634642006006
8109,0.8109000000000001,0.8108635978854978
8110,0.811,0.8109637311526544
8111,0.8111,0.8110638640031518
8112,0.8112,0.8111639964380688
8113,0.8113,0.8112641284584823
8114,0.8114,0.8113642600654659
8115,0.8115,0.8114643912600933
8116,0.8116,0.8115645220434332
8117,0.8117000000000001,0.8116646524165544
8118,0.8118000000000001,0.8117647823805221
8119,0.8119000000000001,0.8118649119363992
8120,0.812,0.8119650410852475
8121,0.8121,0.8120651698281262
8122,0.8122,0.8121652981660917
8123,0.8123,0.8122654261001987
8124,0.8124,0.8123655536315006
8125,0.8125,0.8124656807610469
8126,0.8126,0.8125658074898856
8127,0.8127000000000001,0.812665933819064
8128,0.8128000000000001,0.8127660597496242
8129,0.8129000000000001,0.8128661852826097
8130,0.8130000000000001,0.8129663104190583
8131,0.8131,0.8130664351600083
8132,0.8132,0.8131665595064954
8133,0.8133,0.8132666834595513
8134,0.8134,0.8133668070202082
8135,0.8135,0.8134669301894946
8136,0.8136,0.8135670529684373
8137,0.8137000000000001,0.8136671753580605
8138,0.8138000000000001,0.8137672973593868
8139,0.8139000000000001,0.8138674189734358
8140,0.8140000000000001,0.8139675402012267
8141,0.8141,0.8140676610437757
8142,0.8142,0.8141677815020956
8143,0.8143,0.8142679015771985
8144,0.8144,0.8143680212700947
8145,0.8145,0.8144681405817923
8146,0.8146,0.8145682595132947
8147,0.8147000000000001,0.8146683780656078
8148,0.8148000000000001,0.8147684962397311
8149,0.8149000000000001,0.8148686140366642
8150,0.8150000000000001,0.8149687314574052
8151,0.8151,0.8150688485029475
8152,0.8152,0.8151689651742854
8153,0.8153,0.8152690814724095
8154,0.8154,0.8153691973983084
8155,0.8155,0.8154693129529688
8156,0.8156,0.8155694281373749
8157,0.8157000000000001,0.8156695429525102
8158,0.8158000000000001,0.8157696573993549
8159,0.8159000000000001,0.8158697714788871
8160,0.8160000000000001,0.8159698851920828
8161,0.8161,0.8160699985399176
8162,0.8162,0.8161701115233635
8163,0.8163,0.8162702241433898
8164,0.8164,0.8163703364009655
8165,0.8165,0.8164704482970562
8166,0.8166,0.8165705598326265
8167,0.8167000000000001,0.8166706710086391
8168,0.8168000000000001,0.8167707818260523
8169,0.8169000000000001,0.8168708922858258
8170,0.8170000000000001,0.8169710023889146
8171,0.8171,0.8170711121362726
8172,0.8172,0.8171712215288524
8173,0.8173,0.8172713305676035
8174,0.8174,0.8173714392534744
8175,0.8175,0.8174715475874105
8176,0.8176,0.8175716555703556
8177,0.8177000000000001,0.8176717632032523
8178,0.8178000000000001,0.8177718704870393
8179,0.8179000000000001,0.8178719774226556
8180,0.8180000000000001,0.8179720840110362
8181,0.8181,0.8180721902531155
8182,0.8182,0.818172296149826
8183,0.8183,0.8182724017020965
8184,0.8184,0.8183725069108563
8185,0.8185,0.8184726117770302
8186,0.8186,0.8185727163015427
8187,0.8187000000000001,0.818672820485315
8188,0.8188000000000001,0.8187729243292688
8189,0.8189000000000001,0.8188730278343211
8190,0.8190000000000001,0.8189731310013879
8191,0.8191,0.8190732338313838
8192,0.8192,0.8191733363252213
8193,0.8193,0.8192734384838095
8194,0.8194,0.8193735403080581
8195,0.8195,0.8194736417988727
8196,0.8196,0.819573742957158
8197,0.8197,0.8196738437838159
8198,0.8198000000000001,0.8197739442797475
8199,0.8199000000000001,0.8198740444458512
8200,0.8200000000000001,0.8199741442830236
8201,0.8201,0.82007424379216
8202,0.8202,0.8201743429741528
8203,0.8203,0.8202744418298926
8204,0.8204,0.8203745403602684
8205,0.8205,0.8204746385661675
8206,0.8206,0.8205747364484751
8207,0.8207,0.8206748340080745
8208,0.8208000000000001,0.8207749312458467
8209,0.8209000000000001,0.8208750281626709
8210,0.8210000000000001,0.8209751247594256
8211,0.8211,0.8210752210369853
8212,0.8212,0.8211753169962246
8213,0.8213,0.8212754126380142
8214,0.8214,0.8213755079632251
8215,0.8215,0.8214756029727251
8216,0.8216,0.8215756976673801
8217,0.8217,0.8216757920480545
8218,0.8218000000000001,0.8217758861156113
8219,0.8219000000000001,0.8218759798709095
8220,0.8220000000000001,0.8219760733148092
8221,0.8221,0.822076166448166
8222,0.8222,0.8221762592718359
8223,0.8223,0.8222763517866717
8224,0.8224,0.8223764439935236
8225,0.8225,0.8224765358932428
8226,0.8226,0.8225766274866755
8227,0.8227,0.822676718774667
8228,0.8228000000000001,0.8227768097580623
8229,0.8229000000000001,0.8228769004377023
8230,0.8230000000000001,0.8229769908144278
8231,0.8231,0.8230770808890765
8232,0.8232,0.8231771706624851
8233,0.8233,0.8232772601354879
8234,0.8234,0.8233773493089183
8235,0.8235,0.8234774381836073
8236,0.8236,0.8235775267603828
8237,0.8237,0.8236776150400735
8238,0.8238000000000001,0.8237777030235036
8239,0.8239000000000001,0.823877790711498
8240,0.8240000000000001,0.8239778781048774
8241,0.8241,0.8240779652044624
8242,0.8242,0.8241780520110707
8243,0.8243,0.8242781385255203
8244,0.8244,0.8243782247486234
8245,0.8245,0.8244783106811953
8246,0.8246,0.824578396324045
8247,0.8247,0.8246784816779827
8248,0.8248000000000001,0.8247785667438164
8249,0.8249000000000001,0.8248786515223507
8250,0.8250000000000001,0.8249787360143895
8251,0.8251000000000001,0.8250788202207351
8252,0.8252,0.8251789041421886
8253,0.8253,0.8252789877795476
8254,0.8254,0.8253790711336094
8255,0.8255,0.8254791542051684
8256,0.8256,0.8255792369950188
8257,0.8257,0.8256793195039512
8258,0.8258000000000001,0.8257794017327551
8259,0.8259000000000001,0.8258794836822193
8260,0.8260000000000001,0.8259795653531298
8261,0.8261000000000001,0.8260796467462711
8262,0.8262,0.8261797278624259
8263,0.8263,0.8262798087023738
8264,0.8264,0.8263798892668963
8265,0.8265,0.8264799695567692
8266,0.8266,0.8265800495727696
8267,0.8267,0.8266801293156694
8268,0.8268000000000001,0.8267802087862427
8269,0.8269000000000001,0.8268802879852599
8270,0.8270000000000001,0.8269803669134895
8271,0.8271000000000001,0.827080445571698
8272,0.8272,0.8271805239606512
8273,0.8273,0.827280602081113
8274,0.8274,0.8273806799338451
8275,0.8275,0.8274807575196076
8276,0.8276,0.8275808348391598
8277,0.8277,0.8276809118932578
8278,0.8278000000000001,0.8277809886826573
8279,0.8279000000000001,0.8278810652081102
8280,0.8280000000000001,0.8279811414703696
8281,0.8281000000000001,0.8280812174701851
8282,0.8282,0.8281812932083056
8283,0.8283,0.8282813686854773
8284,0.8284,0.8283814439024445
8285,0.8285,0.8284815188599518
8286,0.8286,0.8285815935587395
8287,0.8287,0.8286816679995486
8288,0.8288000000000001,0.8287817421831163
8289,0.8289000000000001,0.8288818161101794
8290,0.8290000000000001,0.8289818897814737
8291,0.8291000000000001,0.8290819631977316
8292,0.8292,0.8291820363596847
8293,0.8293,0.8292821092680632
8294,0.8294,0.8293821819235951
8295,0.8295,0.8294822543270072
8296,0.8296,0.8295823264790245
8297,0.8297,0.8296823983803698
8298,0.8298000000000001,0.8297824700317655
8299,0.8299000000000001,0.8298825414339309
8300,0.8300000000000001,0.8299826125875841
8301,0.8301000000000001,0.8300826834934426
8302,0.8302,0.8301827541522216
8303,0.8303,0.8302828245646341
8304,0.8304,0.8303828947313916
8305,0.8305,0.8304829646532038
8306,0.8306,0.8305830343307811
8307,0.8307,0.8306831037648293
8308,0.8308000000000001,0.8307831729560542
8309,0.8309000000000001,0.8308832419051587
8310,0.8310000000000001,0.8309833106128455
8311,0.8311000000000001,0.8310833790798146
8312,0.8312,0.8311834473067646
8313,0.8313,0.8312835152943941
8314,0.8314,0.8313835830433975
8315,0.8315,0.8314836505544698
8316,0.8316,0.8315837178283023
8317,0.8317,0.8316837848655871
8318,0.8318000000000001,0.8317838516670135
8319,0.8319000000000001,0.8318839182332678
8320,0.8320000000000001,0.831983984565037
8321,0.8321000000000001,0.8320840506630048
8322,0.8322,0.8321841165278554
8323,0.8323,0.8322841821602694
8324,0.8324,0.8323842475609272
8325,0.8325,0.8324843127305055
8326,0.8326,0.8325843776696825
8327,0.8327,0.8326844423791327
8328,0.8328,0.8327845068595296
8329,0.8329000000000001,0.8328845711115452
8330,0.8330000000000001,0.8329846351358501
8331,0.8331000000000001,0.8330846989331121
8332,0.8332,0.8331847625039992
8333,0.8333,0.8332848258491771
8334,0.8334,0.8333848889693103
8335,0.8335,0.8334849518650598
8336,0.8336,0.8335850145370892
8337,0.8337,0.8336850769860555
8338,0.8338,0.8337851392126181
8339,0.8339000000000001,0.8338852012174339
8340,0.8340000000000001,0.8339852630011563
8341,0.8341000000000001,0.8340853245644398
8342,0.8342,0.8341853859079356
8343,0.8343,0.8342854470322946
8344,0.8344,0.8343855079381652
8345,0.8345,0.8344855686261948
8346,0.8346,0.834585629097029
8347,0.8347,0.8346856893513124
8348,0.8348,0.8347857493896876
8349,0.8349000000000001,0.834885809212796
8350,0.8350000000000001,0.8349858688212762
8351,0.8351000000000001,0.835085928215768
8352,0.8352,0.8351859873969065
8353,0.8353,0.8352860463653285
8354,0.8354,0.8353861051216666
8355,0.8355,0.8354861636665535
8356,0.8356,0.83558622200062
8357,0.8357,0.8356862801244953
8358,0.8358,0.8357863380388061
8359,0.8359000000000001,0.8358863957441801
8360,0.8360000000000001,0.8359864532412412
8361,0.8361000000000001,0.8360865105306138
8362,0.8362,0.8361865676129183
8363,0.8363,0.8362866244887759
8364,0.8364,0.8363866811588044
8365,0.8365,0.8364867376236232
8366,0.8366,0.8365867938838469
8367,0.8367,0.8366868499400897
8368,0.8368,0.8367869057929651
8369,0.8369000000000001,0.8368869614430848
8370,0.8370000000000001,0.8369870168910593
8371,0.8371000000000001,0.8370870721374956
8372,0.8372,0.8371871271830024
8373,0.8373,0.8372871820281854
8374,0.8374,0.8373872366736482
8375,0.8375,0.8374872911199944
8376,0.8376,0.8375873453678244
8377,0.8377,0.8376873994177393
8378,0.8378,0.8377874532703371
8379,0.8379000000000001,0.8378875069262145
8380,0.8380000000000001,0.8379875603859679
8381,0.8381000000000001,0.8380876136501908
8382,0.8382000000000001,0.8381876667194772
8383,0.8383,0.8382877195944172
8384,0.8384,0.838387772275602
8385,0.8385,0.8384878247636188
8386,0.8386,0.838587877059056
8387,0.8387,0.8386879291624988
8388,0.8388,0.8387879810745312
8389,0.8389000000000001,0.8388880327957368
8390,0.8390000000000001,0.8389880843266965
8391,0.8391000000000001,0.8390881356679906
8392,0.8392000000000001,0.8391881868201979
8393,0.8393,0.8392882377838959
8394,0.8394,0.83938828855966
8395,0.8395,0.8394883391480652
8396,0.8396,0.8395883895496838
8397,0.8397,0.8396884397650884
8398,0.8398,0.8397884897948499
8399,0.8399000000000001,0.8398885396395355
8400,0.8400000000000001,0.839988589299714
8401,0.8401000000000001,0.8400886387759517
8402,0.8402000000000001,0.8401886880688125
8403,0.8403,0.840288737178861
8404,0.8404,0.8403887861066588
8405,0.8405,0.8404888348527659
8406,0.8406,0.8405888834177426
8407,0.8407,0.8406889318021469
8408,0.8408,0.8407889800065353
8409,0.8409000000000001,0.840889028031462
8410,0.8410000000000001,0.8409890758774824
8411,0.8411000000000001,0.8410891235451489
8412,0.8412000000000001,0.8411891710350119
8413,0.8413,0.841289218347621
8414,0.8414,0.8413892654835258
8415,0.8415,0.8414893124432731
8416,0.8416,0.8415893592274081
8417,0.8417,0.8416894058364764
8418,0.8418,0.8417894522710202
8419,0.8419000000000001,0.8418894985315816
8420,0.8420000000000001,0.8419895446187019
8421,0.8421000000000001,0.8420895905329185
8422,0.8422000000000001,0.8421896362747708
8423,0.8423,0.8422896818447945
8424,0.8424,0.8423897272435251
8425,0.8425,0.8424897724714967
8426,0.8426,0.8425898175292406
8427,0.8427,0.8426898624172895
8428,0.8428,0.8427899071361731
8429,0.8429000000000001,0.8428899516864189
8430,0.8430000000000001,0.8429899960685553
8431,0.8431000000000001,0.8430900402831072
8432,0.8432000000000001,0.8431900843306006
8433,0.8433,0.843290128211558
8434,0.8434,0.8433901719265016
8435,0.8435,0.8434902154759526
8436,0.8436,0.84359025886043
8437,0.8437,0.8436903020804523
8438,0.8438,0.8437903451365363
8439,0.8439000000000001,0.8438903880291984
8440,0.8440000000000001,0.8439904307589509
8441,0.8441000000000001,0.8440904733263087
8442,0.8442000000000001,0.8441905157317822
8443,0.8443,0.8442905579758834
8444,0.8444,0.8443906000591208
8445,0.8445,0.8444906419820027
8446,0.8446,0.8445906837450343
8447,0.8447,0.8446907253487228
8448,0.8448,0.8447907667935723
8449,0.8449000000000001,0.844890808080084
8450,0.8450000000000001,0.8449908492087614
8451,0.8451000000000001,0.8450908901801033
8452,0.8452000000000001,0.8451909309946104
8453,0.8453,0.8452909716527792
8454,0.8454,0.8453910121551067
8455,0.8455,0.8454910525020879
8456,0.8456,0.8455910926942178
8457,0.8457,0.8456911327319889
8458,0.8458,0.8457911726158924
8459,0.8459,0.8458912123464198
8460,0.8460000000000001,0.8459912519240589
8461,0.8461000000000001,0.8460912913492981
8462,0.8462000000000001,0.8461913306226239
8463,0.8463,0.8462913697445217
8464,0.8464,0.8463914087154758
8465,0.8465,0.8464914475359695
8466,0.8466,0.8465914862064847
8467,0.8467,0.8466915247275016
8468,0.8468,0.8467915630994987
8469,0.8469,0.8468916013229558
8470,0.8470000000000001,0.8469916393983479
8471,0.8471000000000001,0.8470916773261525
8472,0.8472000000000001,0.8471917151068421
8473,0.8473,0.8472917527408916
8474,0.8474,0.8473917902287728
8475,0.8475,0.8474918275709558
8476,0.8476,0.8475918647679107
8477,0.8477,0.8476919018201052
8478,0.8478,0.8477919387280084
8479,0.8479,0.847891975492084
8480,0.8480000000000001,0.8479920121127984
8481,0.8481000000000001,0.848092048590615
8482,0.8482000000000001,0.8481920849259958
8483,0.8483,0.848292121119403
8484,0.8484,0.8483921571712952
8485,0.8485,0.8484921930821333
8486,0.8486,0.848592228852373
8487,0.8487,0.8486922644824723
8488,0.8488,0.8487922999728857
8489,0.8489,0.8488923353240682
8490,0.8490000000000001,0.8489923705364718
8491,0.8491000000000001,0.8490924056105493
8492,0.8492000000000001,0.8491924405467515
8493,0.8493,0.8492924753455277
8494,0.8494,0.8493925100073254
8495,0.8495,0.8494925445325934
8496,0.8496,0.8495925789217763
8497,0.8497,0.8496926131753195
8498,0.8498,0.8497926472936678
8499,0.8499,0.849892681277262
8500,0.8500000000000001,0.8499927151265451
8501,0.8501000000000001,0.8500927488419567
8502,0.8502000000000001,0.8501927824239361
8503,0.8503000000000001,0.8502928158729213
8504,0.8504,0.8503928491893499
8505,0.8505,0.8504928823736556
8506,0.8506,0.8505929154262756
8507,0.8507,0.8506929483476418
8508,0.8508,0.8507929811381868
8509,0.8509,0.8508930137983418
8510,0.8510000000000001,0.8509930463285369
8511,0.8511000000000001,0.8510930787292016
8512,0.8512000000000001,0.8511931110007632
8513,0.8513000000000001,0.8512931431436486
8514,0.8514,0.8513931751582827
8515,0.8515,0.8514932070450918
8516,0.8516,0.8515932388044978
8517,0.8517,0.851693270436923
8518,0.8518,0.8517933019427898
8519,0.8519,0.851893333322516
8520,0.8520000000000001,0.8519933645765234
8521,0.8521000000000001,0.8520933957052276
8522,0.8522000000000001,0.8521934267090461
8523,0.8523000000000001,0.8522934575883949
8524,0.8524,0.8523934883436881
8525,0.8525,0.8524935189753392
8526,0.8526,0.8525935494837603
8527,0.8527,0.8526935798693633
8528,0.8528,0.8527936101325576
8529,0.8529,0.852893640273754
8530,0.8530000000000001,0.8529936702933583
8531,0.8531000000000001,0.8530937001917791
8532,0.8532000000000001,0.8531937299694212
8533,0.8533000000000001,0.8532937596266894
8534,0.8534,0.853393789163988
8535,0.8535,0.8534938185817197
8536,0.8536,0.853593847880286
8537,0.8537,0.8536938770600866
8538,0.8538,0.8537939061215215
8539,0.8539,0.8538939350649896
8540,0.8540000000000001,0.8539939638908872
8541,0.8541000000000001,0.8540939925996112
8542,0.8542000000000001,0.8541940211915559
8543,0.8543000000000001,0.8542940496671166
8544,0.8544,0.8543940780266854
8545,0.8545,0.8544941062706551
8546,0.8546,0.8545941343994162
8547,0.8547,0.8546941624133587
8548,0.8548,0.8547941903128712
8549,0.8549,0.8548942180983421
8550,0.8550000000000001,0.8549942457701581
8551,0.8551000000000001,0.8550942733287039
8552,0.8552000000000001,0.8551943007743656
8553,0.8553000000000001,0.8552943281075259
8554,0.8554,0.8553943553285683
8555,0.8555,0.8554943824378732
8556,0.8556,0.8555944094358225
8557,0.8557,0.855694436322795
8558,0.8558,0.8557944630991685
8559,0.8559,0.8558944897653223
8560,0.8560000000000001,0.8559945163216316
8561,0.8561000000000001,0.8560945427684715
8562,0.8562000000000001,0.8561945691062178
8563,0.8563000000000001,0.8562945953352427
8564,0.8564,0.8563946214559196
8565,0.8565,0.8564946474686189
8566,0.8566,0.8565946733737119
8567,0.8567,0.8566946991715669
8568,0.8568,0.8567947248625529
8569,0.8569,0.856894750447038
8570,0.8570000000000001,0.8569947759253873
8571,0.8571000000000001,0.8570948012979672
8572,0.8572000000000001,0.8571948265651408
8573,0.8573000000000001,0.8572948517272726
8574,0.8574,0.857394876784725
8575,0.8575,0.8574949017378587
8576,0.8576,0.8575949265870343
8577,0.8577,0.8576949513326109
8578,0.8578,0.8577949759749482
8579,0.8579,0.8578950005144019
8580,0.8580000000000001,0.8579950249513302
8581,0.8581000000000001,0.8580950492860877
8582,0.8582000000000001,0.8581950735190281
8583,0.8583000000000001,0.8582950976505063
8584,0.8584,0.8583951216808743
8585,0.8585,0.8584951456104838
8586,0.8586,0.858595169439685
8587,0.8587,0.8586951931688274
8588,0.8588,0.8587952167982612
8589,0.8589,0.8588952403283319
8590,0.859,0.8589952637593881
8591,0.8591000000000001,0.8590952870917754
8592,0.8592000000000001,0.8591953103258375
8593,0.8593000000000001,0.8592953334619188
8594,0.8594,0.8593953565003621
8595,0.8595,0.8594953794415104
8596,0.8596,0.859595402285703
8597,0.8597,0.8596954250332816
8598,0.8598,0.8597954476845843
8599,0.8599,0.8598954702399504
8600,0.86,0.8599954926997156
8601,0.8601000000000001,0.8600955150642167
8602,0.8602000000000001,0.8601955373337901
8603,0.8603000000000001,0.8602955595087695
8604,0.8604,0.8603955815894873
8605,0.8605,0.8604956035762783
8606,0.8606,0.8605956254694718
8607,0.8607,0.8606956472694004
8608,0.8608,0.8607956689763934
8609,0.8609,0.8608956905907791
8610,0.861,0.8609957121128857
8611,0.8611000000000001,0.86109573354304
8612,0.8612000000000001,0.8611957548815686
8613,0.8613000000000001,0.8612957761287958
8614,0.8614,0.8613957972850468
8615,0.8615,0.8614958183506447
8616,0.8616,0.8615958393259112
8617,0.8617,0.8616958602111692
8618,0.8618,0.8617958810067374
8619,0.8619,0.8618959017129378
8620,0.862,0.8619959223300874
8621,0.8621000000000001,0.8620959428585044
8622,0.8622000000000001,0.8621959632985071
8623,0.8623000000000001,0.8622959836504094
8624,0.8624,0.862396003914529
8625,0.8625,0.8624960240911782
8626,0.8626,0.8625960441806709
8627,0.8627,0.86269606418332
8628,0.8628,0.8627960840994371
8629,0.8629,0.8628961039293327
8630,0.863,0.8629961236733171
8631,0.8631000000000001,0.863096143331698
8632,0.8632000000000001,0.863196162904786
8633,0.8633000000000001,0.8632961823928855
8634,0.8634000000000001,0.8633962017963047
8635,0.8635,0.8634962211153483
8636,0.8636,0.8635962403503212
8637,0.8637,0.8636962595015261
8638,0.8638,0.8637962785692679
8639,0.8639,0.8638962975538462
8640,0.864,0.8639963164555645
8641,0.8641000000000001,0.8640963352747213
8642,0.8642000000000001,0.8641963540116169
8643,0.8643000000000001,0.8642963726665488
8644,0.8644000000000001,0.8643963912398153
8645,0.8645,0.8644964097317138
8646,0.8646,0.8645964281425393
8647,0.8647,0.8646964464725871
8648,0.8648,0.8647964647221515
8649,0.8649,0.8648964828915264
8650,0.865,0.8649965009810033
8651,0.8651000000000001,0.8650965189908753
8652,0.8652000000000001,0.8651965369214315
8653,0.8653000000000001,0.8652965547729635
8654,0.8654000000000001,0.8653965725457591
8655,0.8655,0.8654965902401079
8656,0.8656,0.8655966078562968
8657,0.8657,0.8656966253946126
8658,0.8658,0.8657966428553402
8659,0.8659,0.8658966602387657
8660,0.866,0.8659966775451728
8661,0.8661000000000001,0.8660966947748453
8662,0.8662000000000001,0.8661967119280648
8663,0.8663000000000001,0.8662967290051143
8664,0.8664000000000001,0.8663967460062733
8665,0.8665,0.8664967629318219
8666,0.8666,0.8665967797820403
8667,0.8667,0.8666967965572058
8668,0.8668,0.8667968132575964
8669,0.8669,0.8668968298834897
8670,0.867,0.8669968464351596
8671,0.8671000000000001,0.8670968629128836
8672,0.8672000000000001,0.8671968793169345
8673,0.8673000000000001,0.8672968956475865
8674,0.8674000000000001,0.8673969119051119
8675,0.8675,0.8674969280897828
8676,0.8676,0.8675969442018702
8677,0.8677,0.8676969602416443
8678,0.8678,0.8677969762093745
8679,0.8679,0.8678969921053302
8680,0.868,0.8679970079297779
8681,0.8681000000000001,0.8680970236829866
8682,0.8682000000000001,0.868197039365221
8683,0.8683000000000001,0.868297054976748
8684,0.8684000000000001,0.8683970705178313
8685,0.8685,0.868497085988735
8686,0.8686,0.8685971013897223
8687,0.8687,0.8686971167210554
8688,0.8688,0.8687971319829974
8689,0.8689,0.8688971471758067
8690,0.869,0.8689971622997451
8691,0.8691000000000001,0.8690971773550719
8692,0.8692000000000001,0.8691971923420442
8693,0.8693000000000001,0.8692972072609205
8694,0.8694000000000001,0.8693972221119585
8695,0.8695,0.8694972368954128
8696,0.8696,0.8695972516115402
8697,0.8697,0.8696972662605948
8698,0.8698,0.8697972808428304
8699,0.8699,0.8698972953585006
8700,0.87,0.8699973098078574
8701,0.8701000000000001,0.8700973241911516
8702,0.8702000000000001,0.8701973385086355
8703,0.8703000000000001,0.8702973527605582
8704,0.8704000000000001,0.870397366947169
8705,0.8705,0.8704973810687173
8706,0.8706,0.87059739512545
8707,0.8707,0.8706974091176144
8708,0.8708,0.8707974230454577
8709,0.8709,0.8708974369092238
8710,0.871,0.8709974507091596
8711,0.8711000000000001,0.8710974644455073
8712,0.8712000000000001,0.8711974781185114
8713,0.8713000000000001,0.871297491728414
8714,0.8714000000000001,0.8713975052754568
8715,0.8715,0.8714975187598817
8716,0.8716,0.8715975321819289
8717,0.8717,0.8716975455418369
8718,0.8718,0.8717975588398462
8719,0.8719,0.8718975720761939
8720,0.872,0.8719975852511185
8721,0.8721,0.8720975983648553
8722,0.8722000000000001,0.8721976114176417
8723,0.8723000000000001,0.8722976244097128
8724,0.8724000000000001,0.8723976373413027
8725,0.8725,0.8724976502126449
8726,0.8726,0.8725976630239736
8727,0.8727,0.8726976757755212
8728,0.8728,0.8727976884675179
8729,0.8729,0.8728977011001962
8730,0.873,0.8729977136737861
8731,0.8731,0.8730977261885167
8732,0.8732000000000001,0.873197738644617
8733,0.8733000000000001,0.8732977510423152
8734,0.8734000000000001,0.873397763381839
8735,0.8735,0.8734977756634159
8736,0.8736,0.8735977878872702
8737,0.8737,0.8736978000536283
8738,0.8738,0.8737978121627138
8739,0.8739,0.8738978242147525
8740,0.874,0.8739978362099664
8741,0.8741,0.8740978481485789
8742,0.8742000000000001,0.8741978600308102
8743,0.8743000000000001,0.8742978718568836
8744,0.8744000000000001,0.8743978836270181
8745,0.8745,0.8744978953414344
8746,0.8746,0.8745979070003503
8747,0.8747,0.8746979186039857
8748,0.8748,0.8747979301525574
8749,0.8749,0.8748979416462841
8750,0.875,0.8749979530853794
8751,0.8751,0.8750979644700613
8752,0.8752000000000001,0.8751979758005439
8753,0.8753000000000001,0.8752979870770415
8754,0.8754000000000001,0.8753979982997689
8755,0.8755000000000001,0.875498009468937
8756,0.8756,0.8755980205847598
8757,0.8757,0.8756980316474489
8758,0.8758,0.875798042657215
8759,0.8759,0.8758980536142676
8760,0.876,0.8759980645188172
8761,0.8761,0.876098075371074
8762,0.8762000000000001,0.8761980861712438
8763,0.8763000000000001,0.8762980969195361
8764,0.8764000000000001,0.8763981076161572
8765,0.8765000000000001,0.8764981182613145
8766,0.8766,0.8765981288552124
8767,0.8767,0.8766981393980567
8768,0.8768,0.8767981498900506
8769,0.8769,0.8768981603314003
8770,0.877,0.8769981707223072
8771,0.8771,0.8770981810629732
8772,0.8772000000000001,0.8771981913536014
8773,0.8773000000000001,0.8772982015943936
8774,0.8774000000000001,0.8773982117855484
8775,0.8775000000000001,0.8774982219272667
8776,0.8776,0.8775982320197474
8777,0.8777,0.8776982420631899
8778,0.8778,0.8777982520577907
8779,0.8779,0.8778982620037495
8780,0.878,0.8779982719012605
8781,0.8781,0.8780982817505214
8782,0.8782000000000001,0.8781982915517271
8783,0.8783000000000001,0.8782983013050726
8784,0.8784000000000001,0.8783983110107516
8785,0.8785000000000001,0.8784983206689583
8786,0.8786,0.8785983302798853
8787,0.8787,0.8786983398437248
8788,0.8788,0.8787983493606688
8789,0.8789,0.8788983588309084
8790,0.879,0.8789983682546336
8791,0.8791,0.8790983776320352
8792,0.8792000000000001,0.8791983869633018
8793,0.8793000000000001,0.8792983962486209
8794,0.8794000000000001,0.879398405488182
8795,0.8795000000000001,0.8794984146821723
8796,0.8796,0.8795984238307786
8797,0.8797,0.8796984329341869
8798,0.8798,0.879798441992582
8799,0.8799,0.8798984510061497
8800,0.88,0.8799984599750744
8801,0.8801,0.8800984688995394
8802,0.8802000000000001,0.8801984777797284
8803,0.8803000000000001,0.8802984866158228
8804,0.8804000000000001,0.8803984954080061
8805,0.8805000000000001,0.8804985041564584
8806,0.8806,0.880598512861361
8807,0.8807,0.8806985215228949
8808,0.8808,0.8807985301412378
8809,0.8809,0.8808985387165696
8810,0.881,0.8809985472490698
8811,0.8811,0.8810985557389139
8812,0.8812000000000001,0.8811985641862815
8813,0.8813000000000001,0.8812985725913476
8814,0.8814000000000001,0.881398580954288
8815,0.8815000000000001,0.88149858927528
8816,0.8816,0.8815985975544968
8817,0.8817,0.8816986057921132
8818,0.8818,0.8817986139883036
8819,0.8819,0.8818986221432399
8820,0.882,0.8819986302570954
8821,0.8821,0.8820986383300427
8822,0.8822000000000001,0.8821986463622516
8823,0.8823000000000001,0.8822986543538945
8824,0.8824000000000001,0.882398662305141
8825,0.8825000000000001,0.8824986702161601
8826,0.8826,0.8825986780871224
8827,0.8827,0.8826986859181963
8828,0.8828,0.8827986937095482
8829,0.8829,0.8828987014613474
8830,0.883,0.8829987091737598
8831,0.8831,0.8830987168469523
8832,0.8832000000000001,0.8831987244810902
8833,0.8833000000000001,0.8832987320763395
8834,0.8834000000000001,0.8833987396328636
8835,0.8835000000000001,0.8834987471508269
8836,0.8836,0.8835987546303943
8837,0.8837,0.8836987620717267
8838,0.8838,0.8837987694749887
8839,0.8839,0.8838987768403403
8840,0.884,0.8839987841679446
8841,0.8841,0.8840987914579609
8842,0.8842000000000001,0.8841987987105508
8843,0.8843000000000001,0.8842988059258727
8844,0.8844000000000001,0.8843988131040865
8845,0.8845000000000001,0.8844988202453505
8846,0.8846,0.8845988273498236
8847,0.8847,0.8846988344176625
8848,0.8848,0.8847988414490245
8849,0.8849,0.8848988484440662
8850,0.885,0.8849988554029433
8851,0.8851,0.8850988623258118
8852,0.8852000000000001,0.8851988692128261
8853,0.8853000000000001,0.8852988760641409
8854,0.8854000000000001,0.8853988828799092
8855,0.8855000000000001,0.8854988896602847
8856,0.8856,0.8855988964054212
8857,0.8857,0.8856989031154692
8858,0.8858,0.8857989097905818
8859,0.8859,0.8858989164309098
8860,0.886,0.8859989230366044
8861,0.8861,0.886098929607814
8862,0.8862,0.8861989361446901
8863,0.8863000000000001,0.8862989426473814
8864,0.8864000000000001,0.8863989491160369
8865,0.8865000000000001,0.8864989555508032
8866,0.8866,0.8865989619518282
8867,0.8867,0.8866989683192605
8868,0.8868,0.8867989746532463
8869,0.8869,0.8868989809539299
8870,0.887,0.8869989872214593
8871,0.8871,0.8870989934559778
8872,0.8872,0.8871989996576302
8873,0.8873000000000001,0.8872990058265611
8874,0.8874000000000001,0.8873990119629138
8875,0.8875000000000001,0.8874990180668311
8876,0.8876000000000001,0.887599024138456
8877,0.8877,0.8876990301779305
8878,0.8878,0.8877990361853948
8879,0.8879,0.8878990421609918
8880,0.888,0.8879990481048616
8881,0.8881,0.8880990540171435
8882,0.8882,0.8881990598979786
8883,0.8883000000000001,0.8882990657475038
8884,0.8884000000000001,0.8883990715658592
8885,0.8885000000000001,0.8884990773531827
8886,0.8886000000000001,0.8885990831096116
8887,0.8887,0.8886990888352826
8888,0.8888,0.8887990945303333
8889,0.8889,0.8888991001948989
8890,0.889,0.888999105829117
8891,0.8891,0.8890991114331206
8892,0.8892,0.8891991170070452
8893,0.8893000000000001,0.8892991225510252
8894,0.8894000000000001,0.8893991280651935
8895,0.8895000000000001,0.8894991335496847
8896,0.8896000000000001,0.8895991390046318
8897,0.8897,0.8896991444301652
8898,0.8898,0.889799149826419
8899,0.8899,0.8898991551935226
8900,0.89,0.889999160531608
8901,0.8901,0.8900991658408061
8902,0.8902,0.8901991711212459
8903,0.8903000000000001,0.8902991763730576
8904,0.8904000000000001,0.8903991815963697
8905,0.8905000000000001,0.8904991867913113
8906,0.8906000000000001,0.8905991919580103
8907,0.8907,0.890699197096595
8908,0.8908,0.8907992022071912
8909,0.8909,0.8908992072899268
8910,0.891,0.8909992123449282
8911,0.8911,0.891099217372321
8912,0.8912,0.8911992223722303
8913,0.8913000000000001,0.891299227344781
8914,0.8914000000000001,0.8913992322900978
8915,0.8915000000000001,0.8914992372083047
8916,0.8916000000000001,0.8915992420995255
8917,0.8917,0.8916992469638828
8918,0.8918,0.8917992518014997
8919,0.8919,0.8918992566124987
8920,0.892,0.8919992613970009
8921,0.8921,0.8920992661551285
8922,0.8922,0.8921992708870015
8923,0.8923000000000001,0.8922992755927415
8924,0.8924000000000001,0.892399280272467
8925,0.8925000000000001,0.8924992849262993
8926,0.8926000000000001,0.8925992895543563
8927,0.8927,0.8926992941567574
8928,0.8928,0.8927992987336202
8929,0.8929,0.8928993032850631
8930,0.893,0.8929993078112034
8931,0.8931,0.8930993123121582
8932,0.8932,0.8931993167880439
8933,0.8933000000000001,0.8932993212389775
8934,0.8934000000000001,0.893399325665073
8935,0.8935000000000001,0.8934993300664464
8936,0.8936000000000001,0.893599334443213
8937,0.8937,0.893699338795487
8938,0.8938,0.8937993431233817
8939,0.8939,0.8938993474270125
8940,0.894,0.8939993517064901
8941,0.8941,0.8940993559619285
8942,0.8942,0.8941993601934402
8943,0.8943000000000001,0.8942993644011377
8944,0.8944000000000001,0.8943993685851307
8945,0.8945000000000001,0.8944993727455316
8946,0.8946000000000001,0.8945993768824507
8947,0.8947,0.8946993809959979
8948,0.8948,0.8947993850862843
8949,0.8949,0.894899389153417
8950,0.895,0.894999393197507
8951,0.8951,0.895099397218662
8952,0.8952,0.8951994012169906
8953,0.8953000000000001,0.8952994051926004
8954,0.8954000000000001,0.8953994091455993
8955,0.8955000000000001,0.8954994130760928
8956,0.8956000000000001,0.8955994169841892
8957,0.8957,0.8956994208699935
8958,0.8958,0.8957994247336115
8959,0.8959,0.8958994285751489
8960,0.896,0.8959994323947114
8961,0.8961,0.8960994361924027
8962,0.8962,0.8961994399683273
8963,0.8963000000000001,0.8962994437225881
8964,0.8964000000000001,0.8963994474552898
8965,0.8965000000000001,0.8964994511665348
8966,0.8966000000000001,0.8965994548564257
8967,0.8967,0.8966994585250643
8968,0.8968,0.8967994621725527
8969,0.8969,0.8968994657989932
8970,0.897,0.8969994694044859
8971,0.8971,0.8970994729891313
8972,0.8972,0.8971994765530297
8973,0.8973000000000001,0.8972994800962821
8974,0.8974000000000001,0.897399483618987
8975,0.8975000000000001,0.8974994871212433
8976,0.8976000000000001,0.8975994906031506
8977,0.8977,0.8976994940648071
8978,0.8978,0.8977994975063104
8979,0.8979,0.8978995009277574
8980,0.898,0.8979995043292474
8981,0.8981,0.8980995077108753
8982,0.8982,0.8981995110727384
8983,0.8983000000000001,0.8982995144149327
8984,0.8984000000000001,0.8983995177375546
8985,0.8985000000000001,0.8984995210406982
8986,0.8986000000000001,0.8985995243244588
8987,0.8987,0.8986995275889321
8988,0.8988,0.8987995308342108
8989,0.8989,0.89889953406039
8990,0.899,0.8989995372675624
8991,0.8991,0.8990995404558224
8992,0.8992,0.8991995436252618
8993,0.8993,0.899299546775972
8994,0.8994000000000001,0.8993995499080475
8995,0.8995000000000001,0.8994995530215786
8996,0.8996000000000001,0.8995995561166561
8997,0.8997,0.8996995591933725
8998,0.8998,0.8997995622518176
8999,0.8999,0.8998995652920809
9000,0.9,0.8999995683142534
9001,0.9001,0.9000995713184251
9002,0.9002,0.9001995743046846
9003,0.9003,0.9002995772731196
9004,0.9004000000000001,0.9003995802238204
9005,0.9005000000000001,0.9004995831568744
9006,0.9006000000000001,0.90059958607237
9007,0.9007000000000001,0.9006995889703936
9008,0.9008,0.9007995918510324
9009,0.9009,0.9008995947143743
9010,0.901,0.9009995975605047
9011,0.9011,0.9010996003895096
9012,0.9012,0.9011996032014757
9013,0.9013,0.9012996059964881
9014,0.9014000000000001,0.9013996087746313
9015,0.9015000000000001,0.9014996115359908
9016,0.9016000000000001,0.90159961428065
9017,0.9017000000000001,0.9016996170086936
9018,0.9018,0.9017996197202056
9019,0.9019,0.9018996224152677
9020,0.902,0.901999625093965
9021,0.9021,0.9020996277563792
9022,0.9022,0.9021996304025928
9023,0.9023,0.9022996330326886
9024,0.9024000000000001,0.9023996356467467
9025,0.9025000000000001,0.9024996382448498
9026,0.9026000000000001,0.9025996408270777
9027,0.9027000000000001,0.9026996433935119
9028,0.9028,0.9027996459442335
9029,0.9029,0.9028996484793214
9030,0.903,0.9029996509988554
9031,0.9031,0.9030996535029159
9032,0.9032,0.9031996559915814
9033,0.9033,0.9032996584649302
9034,0.9034000000000001,0.9033996609230417
9035,0.9035000000000001,0.9034996633659924
9036,0.9036000000000001,0.9035996657938621
9037,0.9037000000000001,0.9036996682067266
9038,0.9038,0.9037996706046646
9039,0.9039,0.9038996729877528
9040,0.904,0.9039996753560654
9041,0.9041,0.9040996777096812
9042,0.9042,0.9041996800486762
9043,0.9043,0.9042996823731242
9044,0.9044000000000001,0.9043996846831006
9045,0.9045000000000001,0.904499686978682
9046,0.9046000000000001,0.9045996892599424
9047,0.9047000000000001,0.9046996915269555
9048,0.9048,0.9047996937797962
9049,0.9049,0.9048996960185376
9050,0.905,0.904999698243253
9051,0.9051,0.9050997004540161
9052,0.9052,0.9051997026508997
9053,0.9053,0.9052997048339767
9054,0.9054000000000001,0.905399707003318
9055,0.9055000000000001,0.9054997091589965
9056,0.9056000000000001,0.9055997113010841
9057,0.9057000000000001,0.9056997134296507
9058,0.9058,0.9057997155447687
9059,0.9059,0.9058997176465089
9060,0.906,0.9059997197349405
9061,0.9061,0.9060997218101354
9062,0.9062,0.9061997238721616
9063,0.9063,0.9062997259210891
9064,0.9064000000000001,0.9063997279569886
9065,0.9065000000000001,0.906499729979927
9066,0.9066000000000001,0.9065997319899746
9067,0.9067000000000001,0.906699733987199
9068,0.9068,0.906799735971668
9069,0.9069,0.9068997379434497
9070,0.907,0.9069997399026121
9071,0.9071,0.9070997418492219
9072,0.9072,0.907199743783346
9073,0.9073,0.9072997457050521
9074,0.9074000000000001,0.9073997476144056
9075,0.9075000000000001,0.9074997495114723
9076,0.9076000000000001,0.9075997513963182
9077,0.9077000000000001,0.9076997532690095
9078,0.9078,0.9077997551296108
9079,0.9079,0.9078997569781874
9080,0.908,0.9079997588148033
9081,0.9081,0.9080997606395245
9082,0.9082,0.9081997624524133
9083,0.9083,0.9082997642535344
9084,0.9084000000000001,0.9083997660429517
9085,0.9085000000000001,0.9084997678207278
9086,0.9086000000000001,0.9085997695869266
9087,0.9087000000000001,0.9086997713416107
9088,0.9088,0.9087997730848416
9089,0.9089,0.9088997748166823
9090,0.909,0.9089997765371949
9091,0.9091,0.9090997782464404
9092,0.9092,0.9091997799444812
9093,0.9093,0.9092997816313776
9094,0.9094000000000001,0.9093997833071912
9095,0.9095000000000001,0.9094997849719816
9096,0.9096000000000001,0.9095997866258106
9097,0.9097000000000001,0.9096997882687365
9098,0.9098,0.909799789900821
9099,0.9099,0.9098997915221225
9100,0.91,0.9099997931327002
9101,0.9101,0.9100997947326138
9102,0.9102,0.910199796321922
9103,0.9103,0.9102997979006822
9104,0.9104000000000001,0.9103997994689544
9105,0.9105000000000001,0.9104998010267967
9106,0.9106000000000001,0.9105998025742644
9107,0.9107000000000001,0.9106998041114176
9108,0.9108,0.9107998056383125
9109,0.9109,0.9108998071550061
9110,0.911,0.9109998086615544
9111,0.9111,0.9110998101580152
9112,0.9112,0.9111998116444446
9113,0.9113,0.9112998131208979
9114,0.9114000000000001,0.9113998145874307
9115,0.9115000000000001,0.9114998160440995
9116,0.9116000000000001,0.9115998174909583
9117,0.9117000000000001,0.911699818928064
9118,0.9118,0.9117998203554695
9119,0.9119,0.911899821773229
9120,0.912,0.9119998231813985
9121,0.9121,0.9120998245800321
9122,0.9122,0.9121998259691811
9123,0.9123,0.912299827348902
9124,0.9124,0.9123998287192459
9125,0.9125000000000001,0.9124998300802671
9126,0.9126000000000001,0.9125998314320181
9127,0.9127000000000001,0.9126998327745505
9128,0.9128000000000001,0.912799834107918
9129,0.9129,0.9128998354321729
9130,0.913,0.9129998367473653
9131,0.9131,0.9130998380535486
9132,0.9132,0.9131998393507736
9133,0.9133,0.9132998406390906
9134,0.9134,0.9133998419185521
9135,0.9135000000000001,0.9134998431892073
9136,0.9136000000000001,0.9135998444511081
9137,0.9137000000000001,0.9136998457043037
9138,0.9138000000000001,0.9137998469488441
9139,0.9139,0.9138998481847789
9140,0.914,0.9139998494121588
9141,0.9141,0.9140998506310325
9142,0.9142,0.9141998518414481
9143,0.9143,0.9142998530434565
9144,0.9144,0.9143998542371046
9145,0.9145000000000001,0.9144998554224414
9146,0.9146000000000001,0.9145998565995154
9147,0.9147000000000001,0.9146998577683748
9148,0.9148000000000001,0.9147998589290659
9149,0.9149,0.9148998600816372
9150,0.915,0.9149998612261363
9151,0.9151,0.9150998623626095
9152,0.9152,0.9151998634911045
9153,0.9153,0.9152998646116681
9154,0.9154,0.9153998657243454
9155,0.9155000000000001,0.9154998668291836
9156,0.9156000000000001,0.9155998679262278
9157,0.9157000000000001,0.9156998690155252
9158,0.9158000000000001,0.9157998700971208
9159,0.9159,0.9158998711710592
9160,0.916,0.9159998722373864
9161,0.9161,0.9160998732961471
9162,0.9162,0.9161998743473864
9163,0.9163,0.9162998753911478
9164,0.9164,0.9163998764274761
9165,0.9165000000000001,0.9164998774564158
9166,0.9166000000000001,0.9165998784780095
9167,0.9167000000000001,0.9166998794923027
9168,0.9168000000000001,0.9167998804993381
9169,0.9169,0.9168998814991579
9170,0.917,0.9169998824918066
9171,0.9171,0.917099883477327
9172,0.9172,0.9171998844557601
9173,0.9173,0.9172998854271509
9174,0.9174,0.9173998863915394
9175,0.9175000000000001,0.9174998873489679
9176,0.9176000000000001,0.9175998882994792
9177,0.9177000000000001,0.9176998892431152
9178,0.9178000000000001,0.9177998901799156
9179,0.9179,0.9178998911099235
9180,0.918,0.9179998920331782
9181,0.9181,0.9180998929497219
9182,0.9182,0.9181998938595951
9183,0.9183,0.9182998947628372
9184,0.9184,0.9183998956594888
9185,0.9185000000000001,0.9184998965495913
9186,0.9186000000000001,0.9185998974331832
9187,0.9187000000000001,0.9186998983103043
9188,0.9188000000000001,0.9187998991809948
9189,0.9189,0.9188999000452931
9190,0.919,0.9189999009032384
9191,0.9191,0.9190999017548697
9192,0.9192,0.9191999026002265
9193,0.9193,0.9192999034393463
9194,0.9194,0.9193999042722676
9195,0.9195000000000001,0.9194999050990286
9196,0.9196000000000001,0.9195999059196678
9197,0.9197000000000001,0.9196999067342219
9198,0.9198000000000001,0.9197999075427293
9199,0.9199,0.9198999083452277
9200,0.92,0.9199999091417531
9201,0.9201,0.9200999099323437
9202,0.9202,0.9201999107170357
9203,0.9203,0.9202999114958662
9204,0.9204,0.9203999122688709
9205,0.9205000000000001,0.9204999130360874
9206,0.9206000000000001,0.9205999137975502
9207,0.9207000000000001,0.9206999145532966
9208,0.9208000000000001,0.9207999153033608
9209,0.9209,0.9208999160477802
9210,0.921,0.9209999167865898
9211,0.9211,0.9210999175198237
9212,0.9212,0.9211999182475177
9213,0.9213,0.9212999189697059
9214,0.9214,0.9213999196864247
9215,0.9215000000000001,0.9214999203977077
9216,0.9216000000000001,0.9215999211035891
9217,0.9217000000000001,0.9216999218041024
9218,0.9218000000000001,0.9217999224992827
9219,0.9219,0.9218999231891639
9220,0.922,0.921999923873778
9221,0.9221,0.922099924553161
9222,0.9222,0.9221999252273447
9223,0.9223,0.9222999258963616
9224,0.9224,0.9223999265602464
9225,0.9225000000000001,0.9224999272190307
9226,0.9226000000000001,0.9225999278727481
9227,0.9227000000000001,0.9226999285214297
9228,0.9228000000000001,0.9227999291651087
9229,0.9229,0.922899929803818
9230,0.923,0.922999930437588
9231,0.9231,0.9230999310664509
9232,0.9232,0.923199931690439
9233,0.9233,0.923299932309584
9234,0.9234,0.923399932923916
9235,0.9235000000000001,0.923499933533467
9236,0.9236000000000001,0.9235999341382675
9237,0.9237000000000001,0.9236999347383487
9238,0.9238000000000001,0.9237999353337422
9239,0.9239,0.9238999359244771
9240,0.924,0.9239999365105838
9241,0.9241,0.9240999370920928
9242,0.9242,0.9241999376690354
9243,0.9243,0.924299938241439
9244,0.9244,0.9243999388093355
9245,0.9245000000000001,0.924499939372754
9246,0.9246000000000001,0.9245999399317237
9247,0.9247000000000001,0.9246999404862732
9248,0.9248000000000001,0.9247999410364324
9249,0.9249,0.92489994158223
9250,0.925,0.9249999421236951
9251,0.9251,0.9250999426608567
9252,0.9252,0.9251999431937421
9253,0.9253,0.9252999437223801
9254,0.9254,0.9253999442467993
9255,0.9255,0.9254999447670282
9256,0.9256000000000001,0.9255999452830928
9257,0.9257000000000001,0.9256999457950238
9258,0.9258000000000001,0.9257999463028456
9259,0.9259000000000001,0.9258999468065886
9260,0.926,0.925999947306278
9261,0.9261,0.926099947801941
9262,0.9262,0.9261999482936065
9263,0.9263,0.9262999487812996
9264,0.9264,0.9263999492650479
9265,0.9265,0.9264999497448775
9266,0.9266000000000001,0.9265999502208153
9267,0.9267000000000001,0.9266999506928877
9268,0.9268000000000001,0.9267999511611204
9269,0.9269000000000001,0.92689995162554
9270,0.927,0.9269999520861707
9271,0.9271,0.9270999525430407
9272,0.9272,0.9271999529961735
9273,0.9273,0.9272999534455958
9274,0.9274,0.9273999538913333
9275,0.9275,0.927499954333409
9276,0.9276000000000001,0.9275999547718506
9277,0.9277000000000001,0.9276999552066817
9278,0.9278000000000001,0.9277999556379273
9279,0.9279000000000001,0.9278999560656115
9280,0.928,0.9279999564897597
9281,0.9281,0.9280999569103957
9282,0.9282,0.9281999573275436
9283,0.9283,0.9282999577412286
9284,0.9284,0.9283999581514731
9285,0.9285,0.9284999585583019
9286,0.9286000000000001,0.9285999589617383
9287,0.9287000000000001,0.928699959361806
9288,0.9288000000000001,0.9287999597585284
9289,0.9289000000000001,0.9288999601519297
9290,0.929,0.9289999605420318
9291,0.9291,0.9290999609288582
9292,0.9292,0.9291999613124309
9293,0.9293,0.9292999616927755
9294,0.9294,0.9293999620699119
9295,0.9295,0.9294999624438627
9296,0.9296000000000001,0.9295999628146523
9297,0.9297000000000001,0.9296999631823017
9298,0.9298000000000001,0.9297999635468336
9299,0.9299000000000001,0.9298999639082691
9300,0.93,0.929999964266631
9301,0.9301,0.9300999646219407
9302,0.9302,0.9301999649742193
9303,0.9303,0.93029996532349
9304,0.9304,0.9303999656697726
9305,0.9305,0.9304999660130892
9306,0.9306000000000001,0.9305999663534612
9307,0.9307000000000001,0.9306999666909082
9308,0.9308000000000001,0.9307999670254526
9309,0.9309000000000001,0.9308999673571156
9310,0.931,0.9309999676859153
9311,0.9311,0.9310999680118757
9312,0.9312,0.9311999683350145
9313,0.9313,0.9312999686553546
9314,0.9314,0.9313999689729136
9315,0.9315,0.9314999692877132
9316,0.9316000000000001,0.9315999695997724
9317,0.9317000000000001,0.931699969909113
9318,0.9318000000000001,0.9317999702157518
9319,0.9319000000000001,0.9318999705197115
9320,0.932,0.9319999708210094
9321,0.9321,0.9320999711196662
9322,0.9322,0.9321999714156998
9323,0.9323,0.9322999717091315
9324,0.9324,0.9323999719999779
9325,0.9325,0.9324999722882603
9326,0.9326000000000001,0.9325999725739966
9327,0.9327000000000001,0.932699972857205
9328,0.9328000000000001,0.9327999731379051
9329,0.9329000000000001,0.9328999734161144
9330,0.933,0.9329999736918512
9331,0.9331,0.9330999739651351
9332,0.9332,0.9331999742359839
9333,0.9333,0.9332999745044163
9334,0.9334,0.9333999747704478
9335,0.9335,0.9334999750340992
9336,0.9336000000000001,0.9335999752953861
9337,0.9337000000000001,0.933699975554327
9338,0.9338000000000001,0.9337999758109395
9339,0.9339000000000001,0.9338999760652414
9340,0.934,0.93399997631725
9341,0.9341,0.9340999765669825
9342,0.9342,0.934199976814455
9343,0.9343,0.9342999770596856
9344,0.9344,0.9343999773026911
9345,0.9345,0.9344999775434871
9346,0.9346000000000001,0.9345999777820931
9347,0.9347000000000001,0.9346999780185224
9348,0.9348000000000001,0.9347999782527948
9349,0.9349000000000001,0.9348999784849245
9350,0.935,0.934999978714928
9351,0.9351,0.935099978942823
9352,0.9352,0.9351999791686239
9353,0.9353,0.9352999793923474
9354,0.9354,0.935399979614009
9355,0.9355,0.9354999798336262
9356,0.9356000000000001,0.935599980051213
9357,0.9357000000000001,0.9356999802667856
9358,0.9358000000000001,0.935799980480359
9359,0.9359000000000001,0.9358999806919497
9360,0.936,0.9359999809015722
9361,0.9361,0.9360999811092425
9362,0.9362,0.9361999813149754
9363,0.9363,0.9362999815187856
9364,0.9364,0.9363999817206885
9365,0.9365,0.9364999819206993
9366,0.9366000000000001,0.9365999821188327
9367,0.9367000000000001,0.9366999823151024
9368,0.9368000000000001,0.9367999825095231
9369,0.9369000000000001,0.9368999827021111
9370,0.937,0.936999982892879
9371,0.9371,0.9370999830818415
9372,0.9372,0.9371999832690137
9373,0.9373,0.9372999834544085
9374,0.9374,0.9373999836380407
9375,0.9375,0.9374999838199246
9376,0.9376000000000001,0.9375999840000738
9377,0.9377000000000001,0.9376999841785023
9378,0.9378000000000001,0.9377999843552224
9379,0.9379000000000001,0.9378999845302495
9380,0.9380000000000001,0.937999984703596
9381,0.9381,0.9380999848752761
9382,0.9382,0.938199985045303
9383,0.9383,0.9382999852136891
9384,0.9384,0.938399985380449
9385,0.9385,0.9384999855455954
9386,0.9386,0.9385999857091408
9387,0.9387000000000001,0.9386999858710984
9388,0.9388000000000001,0.9387999860314808
9389,0.9389000000000001,0.9388999861903006
9390,0.9390000000000001,0.9389999863475718
9391,0.9391,0.9390999865033055
9392,0.9392,0.9391999866575153
9393,0.9393,0.9392999868102129
9394,0.9394,0.9393999869614108
9395,0.9395,0.9394999871111213
9396,0.9396,0.9395999872593574
9397,0.9397000000000001,0.9396999874061299
9398,0.9398000000000001,0.9397999875514513
9399,0.9399000000000001,0.9398999876953346
9400,0.9400000000000001,0.9399999878377898
9401,0.9401,0.940099987978831
9402,0.9402,0.9401999881184679
9403,0.9403,0.9402999882567127
9404,0.9404,0.940399988393577
9405,0.9405,0.9404999885290729
9406,0.9406,0.9405999886632118
9407,0.9407000000000001,0.9406999887960042
9408,0.9408000000000001,0.9407999889274614
9409,0.9409000000000001,0.9408999890575952
9410,0.9410000000000001,0.9409999891864165
9411,0.9411,0.941099989313937
9412,0.9412,0.9411999894401663
9413,0.9413,0.9412999895651157
9414,0.9414,0.9413999896887968
9415,0.9415,0.94149998981122
9416,0.9416,0.9415999899323959
9417,0.9417000000000001,0.9416999900523343
9418,0.9418000000000001,0.9417999901710469
9419,0.9419000000000001,0.9418999902885441
9420,0.9420000000000001,0.9419999904048351
9421,0.9421,0.9420999905199317
9422,0.9422,0.942199990633843
9423,0.9423,0.9422999907465801
9424,0.9424,0.9423999908581524
9425,0.9425,0.9424999909685696
9426,0.9426,0.9425999910778432
9427,0.9427000000000001,0.9426999911859812
9428,0.9428000000000001,0.9427999912929949
9429,0.9429000000000001,0.942899991398893
9430,0.9430000000000001,0.9429999915036863
9431,0.9431,0.9430999916073841
9432,0.9432,0.9431999917099949
9433,0.9433,0.9432999918115289
9434,0.9434,0.9433999919119967
9435,0.9435,0.9434999920114052
9436,0.9436,0.9435999921097663
9437,0.9437000000000001,0.9436999922070867
9438,0.9438000000000001,0.943799992303378
9439,0.9439000000000001,0.9438999923986479
9440,0.9440000000000001,0.9439999924929044
9441,0.9441,0.9440999925861593
9442,0.9442,0.9441999926784195
9443,0.9443,0.9442999927696943
9444,0.9444,0.9443999928599922
9445,0.9445,0.9444999929493217
9446,0.9446,0.9445999930376927
9447,0.9447000000000001,0.9446999931251131
9448,0.9448000000000001,0.9447999932115915
9449,0.9449000000000001,0.944899993297135
9450,0.9450000000000001,0.9449999933817546
9451,0.9451,0.9450999934654571
9452,0.9452,0.9451999935482502
9453,0.9453,0.9452999936301433
9454,0.9454,0.9453999937111448
9455,0.9455,0.9454999937912609
9456,0.9456,0.9455999938705016
9457,0.9457000000000001,0.9456999939488746
9458,0.9458000000000001,0.9457999940263871
9459,0.9459000000000001,0.945899994103047
9460,0.9460000000000001,0.9459999941788633
9461,0.9461,0.9460999942538421
9462,0.9462,0.946199994327993
9463,0.9463,0.9462999944013212
9464,0.9464,0.946399994473836
9465,0.9465,0.9464999945455452
9466,0.9466,0.946599994616455
9467,0.9467000000000001,0.9466999946865742
9468,0.9468000000000001,0.9467999947559088
9469,0.9469000000000001,0.9468999948244671
9470,0.9470000000000001,0.9469999948922561
9471,0.9471,0.9470999949592827
9472,0.9472,0.9471999950255543
9473,0.9473,0.9472999950910778
9474,0.9474,0.9473999951558603
9475,0.9475,0.947499995219909
9476,0.9476,0.9475999952832308
9477,0.9477000000000001,0.9476999953458332
9478,0.9478000000000001,0.9477999954077221
9479,0.9479000000000001,0.9478999954689035
9480,0.9480000000000001,0.9479999955293859
9481,0.9481,0.948099995589176
9482,0.9482,0.9481999956482786
9483,0.9483,0.9482999957067011
9484,0.9484,0.9483999957644513
9485,0.9485,0.9484999958215342
9486,0.9486,0.9485999958779568
9487,0.9487000000000001,0.9486999959337249
9488,0.9488000000000001,0.9487999959888458
9489,0.9489000000000001,0.9488999960433244
9490,0.9490000000000001,0.9489999960971688
9491,0.9491,0.949099996150383
9492,0.9492,0.9491999962029755
9493,0.9493,0.9492999962549504
9494,0.9494,0.9493999963063149
9495,0.9495,0.9494999963570745
9496,0.9496,0.9495999964072352
9497,0.9497000000000001,0.9496999964568027
9498,0.9498000000000001,0.9497999965057837
9499,0.9499000000000001,0.9498999965541829
9500,0.9500000000000001,0.9499999966020063
9501,0.9501000000000001,0.9500999966492605
9502,0.9502,0.9501999966959496
9503,0.9503,0.950299996742081
9504,0.9504,0.9503999967876591
9505,0.9505,0.9504999968326899
9506,0.9506,0.9505999968771791
9507,0.9507000000000001,0.9506999969211312
9508,0.9508000000000001,0.950799996964552
9509,0.9509000000000001,0.9508999970074481
9510,0.9510000000000001,0.9509999970498229
9511,0.9511000000000001,0.9510999970916827
9512,0.9512,0.9511999971330317
9513,0.9513,0.9512999971738769
9514,0.9514,0.951399997214222
9515,0.9515,0.9514999972540729
9516,0.9516,0.9515999972934344
9517,0.9517,0.9516999973323115
9518,0.9518000000000001,0.9517999973707084
9519,0.9519000000000001,0.9518999974086314
9520,0.9520000000000001,0.951999997446085
9521,0.9521000000000001,0.9520999974830735
9522,0.9522,0.9521999975196016
9523,0.9523,0.9522999975556754
9524,0.9524,0.9523999975912978
9525,0.9525,0.952499997626475
9526,0.9526,0.9525999976612112
9527,0.9527,0.95269999769551
9528,0.9528000000000001,0.9527999977293774
9529,0.9529000000000001,0.952899997762818
9530,0.9530000000000001,0.9529999977958349
9531,0.9531000000000001,0.9530999978284331
9532,0.9532,0.9531999978606187
9533,0.9533,0.9532999978923938
9534,0.9534,0.9533999979237638
9535,0.9535,0.9534999979547325
9536,0.9536,0.9535999979853051
9537,0.9537,0.9536999980154844
9538,0.9538000000000001,0.9537999980452758
9539,0.9539000000000001,0.9538999980746838
9540,0.9540000000000001,0.9539999981037118
9541,0.9541000000000001,0.9540999981323636
9542,0.9542,0.9541999981606434
9543,0.9543,0.954299998188556
9544,0.9544,0.9543999982161039
9545,0.9545,0.9544999982432937
9546,0.9546,0.9545999982701259
9547,0.9547,0.954699998296607
9548,0.9548000000000001,0.9547999983227405
9549,0.9549000000000001,0.9548999983485291
9550,0.9550000000000001,0.9549999983739765
9551,0.9551000000000001,0.9550999983990879
9552,0.9552,0.9551999984238663
9553,0.9553,0.9552999984483148
9554,0.9554,0.9553999984724385
9555,0.9555,0.9554999984962397
9556,0.9556,0.9555999985197221
9557,0.9557,0.9556999985428891
9558,0.9558000000000001,0.9557999985657458
9559,0.9559000000000001,0.9558999985882942
9560,0.9560000000000001,0.9559999986105385
9561,0.9561000000000001,0.956099998632481
9562,0.9562,0.9561999986541262
9563,0.9563,0.9562999986754778
9564,0.9564,0.9563999986965377
9565,0.9565,0.9564999987173102
9566,0.9566,0.9565999987377981
9567,0.9567,0.956699998758005
9568,0.9568000000000001,0.9567999987779349
9569,0.9569000000000001,0.9568999987975889
9570,0.9570000000000001,0.9569999988169728
9571,0.9571000000000001,0.9570999988360873
9572,0.9572,0.9571999988549362
9573,0.9573,0.957299998873524
9574,0.9574,0.9573999988918517
9575,0.9575,0.9574999989099234
9576,0.9576,0.9575999989277424
9577,0.9577,0.9576999989453118
9578,0.9578000000000001,0.9577999989626328
9579,0.9579000000000001,0.9578999989797096
9580,0.9580000000000001,0.9579999989965453
9581,0.9581000000000001,0.9580999990131424
9582,0.9582,0.9581999990295036
9583,0.9583,0.9582999990456316
9584,0.9584,0.9583999990615301
9585,0.9585,0.9584999990772
9586,0.9586,0.9585999990926457
9587,0.9587,0.9586999991078691
9588,0.9588000000000001,0.9587999991228738
9589,0.9589000000000001,0.9588999991376611
9590,0.9590000000000001,0.9589999991522348
9591,0.9591000000000001,0.959099999166596
9592,0.9592,0.9591999991807487
9593,0.9593,0.9592999991946953
9594,0.9594,0.9593999992084379
9595,0.9595,0.9594999992219787
9596,0.9596,0.9595999992353198
9597,0.9597,0.9596999992484659
9598,0.9598000000000001,0.9597999992614171
9599,0.9599000000000001,0.9598999992741765
9600,0.9600000000000001,0.9599999992867462
9601,0.9601000000000001,0.9600999992991298
9602,0.9602,0.9601999993113282
9603,0.9603,0.9602999993233442
9604,0.9604,0.9603999993351795
9605,0.9605,0.9604999993468378
9606,0.9606,0.9605999993583197
9607,0.9607,0.9606999993696297
9608,0.9608000000000001,0.9607999993807669
9609,0.9609000000000001,0.9608999993917362
9610,0.9610000000000001,0.9609999994025376
9611,0.9611000000000001,0.9610999994131746
9612,0.9612,0.961199999423649
9613,0.9613,0.9612999994339628
9614,0.9614,0.9613999994441178
9615,0.9615,0.9614999994541156
9616,0.9616,0.96159999946396
9617,0.9617,0.9616999994736513
9618,0.9618000000000001,0.9617999994831927
9619,0.9619000000000001,0.961899999492585
9620,0.9620000000000001,0.9619999995018305
9621,0.9621000000000001,0.9620999995109315
9622,0.9622,0.9621999995198901
9623,0.9623,0.9622999995287069
9624,0.9624,0.9623999995373851
9625,0.9625,0.9624999995459252
9626,0.9626,0.9625999995543311
9627,0.9627,0.9626999995626025
9628,0.9628000000000001,0.9627999995707419
9629,0.9629000000000001,0.9628999995787509
9630,0.9630000000000001,0.9629999995866324
9631,0.9631000000000001,0.9630999995943866
9632,0.9632000000000001,0.9631999996020157
9633,0.9633,0.9632999996095224
9634,0.9634,0.9633999996169065
9635,0.9635,0.963499999624171
9636,0.9636,0.9635999996313165
9637,0.9637,0.9636999996383462
9638,0.9638000000000001,0.9637999996452606
9639,0.9639000000000001,0.9638999996520607
9640,0.9640000000000001,0.9639999996587492
9641,0.9641000000000001,0.9640999996653271
9642,0.9642000000000001,0.9641999996717963
9643,0.9643,0.9642999996781576
9644,0.9644,0.9643999996844136
9645,0.9645,0.9644999996905648
9646,0.9646,0.9645999996966125
9647,0.9647,0.9646999997025586
9648,0.9648,0.9647999997084052
9649,0.9649000000000001,0.9648999997141533
9650,0.9650000000000001,0.9649999997198031
9651,0.9651000000000001,0.9650999997253571
9652,0.9652000000000001,0.9651999997308169
9653,0.9653,0.9652999997361835
9654,0.9654,0.9653999997414576
9655,0.9655,0.9654999997466414
9656,0.9656,0.9655999997517356
9657,0.9657,0.9656999997567418
9658,0.9658,0.9657999997616614
9659,0.9659000000000001,0.965899999766496
9660,0.9660000000000001,0.9659999997712454
9661,0.9661000000000001,0.9660999997759125
9662,0.9662000000000001,0.9661999997804974
9663,0.9663,0.9662999997850018
9664,0.9664,0.9663999997894268
9665,0.9665,0.966499999793773
9666,0.9666,0.9665999997980425
9667,0.9667,0.9666999998022363
9668,0.9668,0.9667999998063549
9669,0.9669000000000001,0.9668999998103998
9670,0.9670000000000001,0.9669999998143722
9671,0.9671000000000001,0.9670999998182727
9672,0.9672000000000001,0.9671999998221034
9673,0.9673,0.9672999998258639
9674,0.9674,0.9673999998295568
9675,0.9675,0.9674999998331821
9676,0.9676,0.9675999998367406
9677,0.9677,0.9676999998402345
9678,0.9678,0.9677999998436634
9679,0.9679000000000001,0.9678999998470302
9680,0.9680000000000001,0.9679999998503338
9681,0.9681000000000001,0.9680999998535765
9682,0.9682000000000001,0.9681999998567578
9683,0.9683,0.968299999859881
9684,0.9684,0.9683999998629446
9685,0.9685,0.9684999998659516
9686,0.9686,0.9685999998689011
9687,0.9687,0.9686999998717951
9688,0.9688,0.9687999998746342
9689,0.9689000000000001,0.9688999998774197
9690,0.9690000000000001,0.9689999998801512
9691,0.9691000000000001,0.9690999998828308
9692,0.9692000000000001,0.9691999998854591
9693,0.9693,0.9692999998880355
9694,0.9694,0.9693999998905638
9695,0.9695,0.9694999998930418
9696,0.9696,0.9695999998954715
9697,0.9697,0.9696999998978548
9698,0.9698,0.9697999999001906
9699,0.9699000000000001,0.9698999999024802
9700,0.9700000000000001,0.969999999904725
9701,0.9701000000000001,0.9700999999069262
9702,0.9702000000000001,0.9701999999090827
9703,0.9703,0.9702999999111963
9704,0.9704,0.9703999999132673
9705,0.9705,0.9704999999152975
9706,0.9706,0.9705999999172865
9707,0.9707,0.9706999999192357
9708,0.9708,0.9707999999211447
9709,0.9709000000000001,0.9708999999230158
9710,0.9710000000000001,0.9709999999248486
9711,0.9711000000000001,0.9710999999266432
9712,0.9712000000000001,0.9711999999284016
9713,0.9713,0.9712999999301227
9714,0.9714,0.9713999999318094
9715,0.9715,0.9714999999334606
9716,0.9716,0.9715999999350772
9717,0.9717,0.9716999999366607
9718,0.9718,0.9717999999382102
9719,0.9719000000000001,0.9718999999397274
9720,0.9720000000000001,0.9719999999412128
9721,0.9721000000000001,0.9720999999426665
9722,0.9722000000000001,0.9721999999440895
9723,0.9723,0.9722999999454817
9724,0.9724,0.972399999946844
9725,0.9725,0.9724999999481773
9726,0.9726,0.9725999999494819
9727,0.9727,0.9726999999507583
9728,0.9728,0.9727999999520069
9729,0.9729000000000001,0.9728999999532285
9730,0.9730000000000001,0.972999999954423
9731,0.9731000000000001,0.973099999955591
9732,0.9732000000000001,0.9731999999567333
9733,0.9733,0.9732999999578512
9734,0.9734,0.9733999999589439
9735,0.9735,0.9734999999600114
9736,0.9736,0.9735999999610554
9737,0.9737,0.973699999962076
9738,0.9738,0.9737999999630744
9739,0.9739000000000001,0.9738999999640495
9740,0.9740000000000001,0.973999999965002
9741,0.9741000000000001,0.974099999965934
9742,0.9742000000000001,0.9741999999668436
9743,0.9743,0.9742999999677324
9744,0.9744,0.9743999999686008
9745,0.9745,0.9744999999694497
9746,0.9746,0.9745999999702786
9747,0.9747,0.9746999999710871
9748,0.9748,0.9747999999718778
9749,0.9749000000000001,0.9748999999726501
9750,0.9750000000000001,0.9749999999734035
9751,0.9751000000000001,0.9750999999741389
9752,0.9752000000000001,0.9751999999748576
9753,0.9753000000000001,0.9752999999755584
9754,0.9754,0.9753999999762425
9755,0.9755,0.9754999999769106
9756,0.9756,0.975599999977562
9757,0.9757,0.9756999999781973
9758,0.9758,0.9757999999788176
9759,0.9759000000000001,0.975899999979423
9760,0.9760000000000001,0.9759999999800134
9761,0.9761000000000001,0.9760999999805888
9762,0.9762000000000001,0.9761999999811501
9763,0.9763000000000001,0.9762999999816974
9764,0.9764,0.9763999999822314
9765,0.9765,0.9764999999827515
9766,0.9766,0.9765999999832584
9767,0.9767,0.9766999999837531
9768,0.9768,0.9767999999842348
9769,0.9769000000000001,0.9768999999847043
9770,0.9770000000000001,0.9769999999851614
9771,0.9771000000000001,0.9770999999856074
9772,0.9772000000000001,0.977199999986042
9773,0.9773000000000001,0.9772999999864647
9774,0.9774,0.9773999999868767
9775,0.9775,0.9774999999872775
9776,0.9776,0.977599999987668
9777,0.9777,0.9776999999880484
9778,0.9778,0.9777999999884182
9779,0.9779,0.9778999999887785
9780,0.9780000000000001,0.9779999999891289
9781,0.9781000000000001,0.9780999999894706
9782,0.9782000000000001,0.9781999999898019
9783,0.9783000000000001,0.9782999999901247
9784,0.9784,0.9783999999904391
9785,0.9785,0.9784999999907452
9786,0.9786,0.9785999999910417
9787,0.9787,0.9786999999913306
9788,0.9788,0.9787999999916114
9789,0.9789,0.9788999999918844
9790,0.9790000000000001,0.9789999999921499
9791,0.9791000000000001,0.9790999999924079
9792,0.9792000000000001,0.9791999999926584
9793,0.9793000000000001,0.9792999999929021
9794,0.9794,0.9793999999931385
9795,0.9795,0.9794999999933682
9796,0.9796,0.9795999999935915
9797,0.9797,0.979699999993808
9798,0.9798,0.9797999999940189
9799,0.9799,0.9798999999942232
9800,0.9800000000000001,0.979999999994421
9801,0.9801000000000001,0.980099999994613
9802,0.9802000000000001,0.9801999999948005
9803,0.9803000000000001,0.980299999994981
9804,0.9804,0.9803999999951573
9805,0.9805,0.9804999999953266
9806,0.9806,0.9805999999954922
9807,0.9807,0.9806999999956523
9808,0.9808,0.9807999999958075
9809,0.9809,0.980899999995958
9810,0.9810000000000001,0.9809999999961041
9811,0.9811000000000001,0.9810999999962453
9812,0.9812000000000001,0.9811999999963825
9813,0.9813000000000001,0.9812999999965142
9814,0.9814,0.9813999999966431
9815,0.9815,0.9814999999967672
9816,0.9816,0.9815999999968876
9817,0.9817,0.9816999999970041
9818,0.9818,0.9817999999971169
9819,0.9819,0.9818999999972261
9820,0.9820000000000001,0.9819999999973313
9821,0.9821000000000001,0.9820999999974336
9822,0.9822000000000001,0.9821999999975323
9823,0.9823000000000001,0.9822999999976272
9824,0.9824,0.9823999999977201
9825,0.9825,0.9824999999978093
9826,0.9826,0.9825999999978947
9827,0.9827,0.9826999999979782
9828,0.9828,0.9827999999980589
9829,0.9829,0.9828999999981366
9830,0.9830000000000001,0.9829999999982119
9831,0.9831000000000001,0.9830999999982841
9832,0.9832000000000001,0.9831999999983531
9833,0.9833000000000001,0.9832999999984208
9834,0.9834,0.9833999999984863
9835,0.9835,0.9834999999985489
9836,0.9836,0.9835999999986087
9837,0.9837,0.9836999999986676
9838,0.9838,0.9837999999987237
9839,0.9839,0.9838999999987779
9840,0.9840000000000001,0.9839999999988303
9841,0.9841000000000001,0.9840999999988806
9842,0.9842000000000001,0.9841999999989282
9843,0.9843000000000001,0.9842999999989746
9844,0.9844,0.9843999999990203
9845,0.9845,0.9844999999990631
9846,0.9846,0.9845999999991047
9847,0.9847,0.9846999999991449
9848,0.9848,0.9847999999991829
9849,0.9849,0.98489999999922
9850,0.9850000000000001,0.9849999999992554
9851,0.9851000000000001,0.9850999999992897
9852,0.9852000000000001,0.985199999999322
9853,0.9853000000000001,0.9852999999993532
9854,0.9854,0.9853999999993837
9855,0.9855,0.9854999999994123
9856,0.9856,0.9855999999994398
9857,0.9857,0.9856999999994667
9858,0.9858,0.9857999999994923
9859,0.9859,0.9858999999995169
9860,0.9860000000000001,0.985999999999541
9861,0.9861000000000001,0.9860999999995629
9862,0.9862000000000001,0.9861999999995846
9863,0.9863000000000001,0.9862999999996047
9864,0.9864,0.9863999999996248
9865,0.9865,0.9864999999996439
9866,0.9866,0.9865999999996619
9867,0.9867,0.9866999999996791
9868,0.9868,0.9867999999996953
9869,0.9869,0.9868999999997115
9870,0.9870000000000001,0.9869999999997268
9871,0.9871000000000001,0.987099999999741
9872,0.9872000000000001,0.9871999999997545
9873,0.9873000000000001,0.9872999999997679
9874,0.9874,0.9873999999997801
9875,0.9875,0.9874999999997927
9876,0.9876,0.9875999999998031
9877,0.9877,0.9876999999998145
9878,0.9878,0.9877999999998249
9879,0.9879,0.9878999999998345
9880,0.9880000000000001,0.9879999999998441
9881,0.9881000000000001,0.9880999999998529
9882,0.9882000000000001,0.9881999999998614
9883,0.9883000000000001,0.9882999999998691
9884,0.9884000000000001,0.9883999999998765
9885,0.9885,0.9884999999998841
9886,0.9886,0.9885999999998909
9887,0.9887,0.9886999999998978
9888,0.9888,0.9887999999999032
9889,0.9889,0.9888999999999091
9890,0.9890000000000001,0.988999999999915
9891,0.9891000000000001,0.9890999999999206
9892,0.9892000000000001,0.9891999999999254
9893,0.9893000000000001,0.9892999999999301
9894,0.9894000000000001,0.989399999999935
9895,0.9895,0.9894999999999388
9896,0.9896,0.9895999999999425
9897,0.9897,0.9896999999999464
9898,0.9898,0.9897999999999503
9899,0.9899,0.9898999999999529
9900,0.9900000000000001,0.9899999999999569
9901,0.9901000000000001,0.9900999999999599
9902,0.9902000000000001,0.9901999999999627
9903,0.9903000000000001,0.9902999999999645
9904,0.9904000000000001,0.9903999999999675
9905,0.9905,0.9904999999999695
9906,0.9906,0.9905999999999723
9907,0.9907,0.990699999999974
9908,0.9908,0.990799999999976
9909,0.9909,0.990899999999978
9910,0.991,0.9909999999999789
9911,0.9911000000000001,0.991099999999981
9912,0.9912000000000001,0.9911999999999819
9913,0.9913000000000001,0.9912999999999837
9914,0.9914000000000001,0.9913999999999846
9915,0.9915,0.9914999999999856
9916,0.9916,0.9915999999999876
9917,0.9917,0.9916999999999886
9918,0.9918,0.9917999999999895
9919,0.9919,0.9918999999999906
9920,0.992,0.9919999999999906
9921,0.9921000000000001,0.9920999999999914
9922,0.9922000000000001,0.9921999999999924
9923,0.9923000000000001,0.9922999999999932
9924,0.9924000000000001,0.9923999999999932
9925,0.9925,0.9924999999999943
9926,0.9926,0.9925999999999943
9927,0.9927,0.9926999999999951
9928,0.9928,0.9927999999999951
9929,0.9929,0.9928999999999961
9930,0.993,0.9929999999999961
9931,0.9931000000000001,0.9930999999999972
9932,0.9932000000000001,0.9931999999999972
9933,0.9933000000000001,0.9932999999999972
9934,0.9934000000000001,0.9933999999999982
9935,0.9935,0.9934999999999982
9936,0.9936,0.9935999999999982
9937,0.9937,0.9936999999999981
9938,0.9938,0.9937999999999981
9939,0.9939,0.9938999999999991
9940,0.994,0.9939999999999991
9941,0.9941000000000001,0.9940999999999992
9942,0.9942000000000001,0.9941999999999992
9943,0.9943000000000001,0.9942999999999992
9944,0.9944000000000001,0.9943999999999992
9945,0.9945,0.9944999999999992
9946,0.9946,0.9945999999999992
9947,0.9947,0.9946999999999991
9948,0.9948,0.9948
9949,0.9949,0.9949
9950,0.995,0.995
9951,0.9951000000000001,0.9951000000000001
9952,0.9952000000000001,0.9952000000000001
9953,0.9953000000000001,0.9953000000000001
9954,0.9954000000000001,0.9954000000000001
9955,0.9955,0.9955
9956,0.9956,0.9956
9957,0.9957,0.9957
9958,0.9958,0.9958
9959,0.9959,0.9959
9960,0.996,0.996
9961,0.9961000000000001,0.9961000000000001
9962,0.9962000000000001,0.9962000000000001
9963,0.9963000000000001,0.9963000000000001
9964,0.9964000000000001,0.9964000000000001
9965,0.9965,0.9965
9966,0.9966,0.9966
9967,0.9967,0.9967
9968,0.9968,0.9968
9969,0.9969,0.9969
9970,0.997,0.997
9971,0.9971000000000001,0.9971000000000001
9972,0.9972000000000001,0.9972000000000001
9973,0.9973000000000001,0.9973000000000001
9974,0.9974000000000001,0.9974000000000001
9975,0.9975,0.9975
9976,0.9976,0.9976
9977,0.9977,0.9977
9978,0.9978,0.9978
9979,0.9979,0.9979
9980,0.998,0.998
9981,0.9981000000000001,0.9981000000000001
9982,0.9982000000000001,0.9982000000000001
9983,0.9983000000000001,0.9983000000000001
9984,0.9984000000000001,0.9984000000000001
9985,0.9985,0.9985
9986,0.9986,0.9986
9987,0.9987,0.9987
9988,0.9988,0.9988
9989,0.9989,0.9989
9990,0.999,0.999
9991,0.9991000000000001,0.9991000000000001
9992,0.9992000000000001,0.9992000000000001
9993,0.9993000000000001,0.9993000000000001
9994,0.9994000000000001,0.9994000000000001
9995,0.9995,0.9995
9996,0.9996,0.9996
9997,0.9997,0.9997
9998,0.9998,0.9998
9999,0.9999,0.9999
10000,1.0,1.0
