,delta,alpha
0,0.0,0.0
1,0.0001,3.761584659582549e-12
2,0.0002,3.0098201204781867e-11
3,0.00030000000000000003,1.0160002605251784e-10
4,0.0004,2.4087366337620915e-10
5,0.0005,4.705420427801167e-10
6,0.0006000000000000001,8.132443172782834e-10
7,0.0007,1.2916357609221654e-09
8,0.0008,1.9283876675022417e-09
9,0.0009000000000000001,2.7461872498313957e-09
10,0.001,3.767737537556959e-09
11,0.0011,5.0157572777182e-09
12,0.0012000000000000001,6.512980833917881e-09
13,0.0013000000000000002,8.282158087000559e-09
14,0.0014,2.80897744130299e-11
15,0.0015,3.702355629535568e-11
16,0.0016,4.793688428599249e-11
17,0.0017000000000000001,6.110294297653387e-11
18,0.0018000000000000002,7.681266327059851e-11
19,0.0019,9.537473957192368e-11
20,0.002,1.1711564006955575e-10
21,0.0021000000000000003,1.4237962278555081e-10
22,0.0022,1.7152875058344855e-10
23,0.0023,2.0494290332825716e-10
24,0.0024000000000000002,2.430197904162409e-10
25,0.0025,2.861749665917357e-10
26,0.0026000000000000003,3.348418449303113e-10
27,0.0027,3.8947170924490727e-10
28,0.0028,4.505337274700512e-10
29,0.0029000000000000002,5.185149661820755e-10
30,0.003,5.93920402420435e-10
31,0.0031000000000000003,6.772729349439868e-10
32,0.0032,7.691134007741504e-10
33,0.0033,8.700005841901372e-10
34,0.0034000000000000002,9.805112311456694e-10
35,0.0035,1.1012400626211268e-09
36,0.0036000000000000003,1.232799784330193e-09
37,0.0037,1.3758211029881865e-09
38,0.0038,1.5309527324985908e-09
39,0.0039000000000000003,1.6988614118049856e-09
40,0.004,1.880231912146877e-09
41,0.0041,2.0757670552035637e-09
42,0.004200000000000001,2.2861877182276556e-09
43,0.0043,2.512232846228877e-09
44,0.0044,2.7546594699659636e-09
45,0.0045000000000000005,3.0142427092272437e-09
46,0.0046,3.291775790045415e-09
47,0.0047,3.588070054391749e-09
48,0.0048000000000000004,3.9039549651909456e-09
49,0.0049,4.240278129654939e-09
50,0.005,4.597905298955519e-09
51,0.0051,4.977720387525547e-09
52,0.005200000000000001,5.380625472791349e-09
53,0.0053,5.8075408192048564e-09
54,0.0054,6.259404881514459e-09
55,0.0055000000000000005,6.737174309469059e-09
56,0.0056,7.241823973086533e-09
57,0.0057,7.774346958497313e-09
58,0.0058000000000000005,8.335754588877346e-09
59,0.0059,8.927076422310958e-09
60,0.006,9.54936027440419e-09
61,0.0061,1.207068161242787e-10
62,0.006200000000000001,1.309509847780229e-10
63,0.0063,1.4187980157480363e-10
64,0.0064,1.535270869792183e-10
65,0.006500000000000001,1.6592776405218413e-10
66,0.0066,1.791178632506277e-10
67,0.0067,1.9313455834831704e-10
68,0.0068000000000000005,2.0801617861613264e-10
69,0.006900000000000001,2.2380221985361057e-10
70,0.007,2.4053336935149284e-10
71,0.0071,2.582515248621471e-10
72,0.007200000000000001,2.769998058708265e-10
73,0.0073,2.9682257774858294e-10
74,0.0074,3.177654623892603e-10
75,0.007500000000000001,3.3987536776120493e-10
76,0.0076,3.6320049598666277e-10
77,0.0077,3.877903618679768e-10
78,0.0078000000000000005,4.1369582060369675e-10
79,0.0079,4.4096906718087414e-10
80,0.008,4.696636771219184e-10
81,0.0081,4.998346056752358e-10
82,0.0082,5.315382200825067e-10
83,0.0083,5.648322994533374e-10
84,0.008400000000000001,5.99776078484874e-10
85,0.0085,6.364302384155029e-10
86,0.0086,6.748569452843473e-10
87,0.008700000000000001,7.151198596564883e-10
88,0.0088,7.572841532114059e-10
89,0.0089,8.01416524983602e-10
90,0.009000000000000001,8.475852374913157e-10
91,0.0091,8.958601067462205e-10
92,0.0092,9.463125382360354e-10
93,0.009300000000000001,9.990155453779517e-10
94,0.0094,1.0540437553505816e-09
95,0.0095,1.1114734482919452e-09
96,0.009600000000000001,1.1713825481978821e-09
97,0.0097,1.2338506648209408e-09
98,0.0098,1.2989590926947788e-09
99,0.0099,1.3667908546875284e-09
100,0.01,1.4374306866275717e-09
101,0.010100000000000001,1.5109650824646196e-09
102,0.0102,1.5874823032324224e-09
103,0.0103,1.667072387858853e-09
104,0.010400000000000001,1.7498271884824326e-09
105,0.0105,1.8358403742531327e-09
106,0.0106,1.925207450712792e-09
107,0.010700000000000001,2.0180257814525868e-09
108,0.0108,2.1143946109280448e-09
109,0.0109,2.2144150738370833e-09
110,0.011000000000000001,2.3181902159036225e-09
111,0.0111,2.4258250151435348e-09
112,0.0112,2.5374264016691463e-09
113,0.011300000000000001,2.653103264039214e-09
114,0.0114,2.7729664786363314e-09
115,0.0115,2.8971289366329168e-09
116,0.011600000000000001,3.025705529029748e-09
117,0.0117,3.1588132055382674e-09
118,0.0118,3.296570969724028e-09
119,0.0119,3.4390998837230123e-09
120,0.012,3.5865231350775814e-09
121,0.012100000000000001,3.738965994988907e-09
122,0.0122,3.896555887292677e-09
123,0.0123,4.059422367596462e-09
124,0.012400000000000001,4.227697166799145e-09
125,0.0125,4.4015142055470154e-09
126,0.0126,4.581009602972547e-09
127,0.012700000000000001,4.766321696113871e-09
128,0.0128,4.957591072873669e-09
129,0.0129,5.154960572497738e-09
130,0.013000000000000001,5.358575318270955e-09
131,0.0131,5.568582712223044e-09
132,0.0132,5.7851324939533985e-09
133,0.013300000000000001,6.008376709196606e-09
134,0.0134,6.2384697759870645e-09
135,0.0135,6.475568476462532e-09
136,0.013600000000000001,6.7198319589859394e-09
137,0.0137,6.9714218040384095e-09
138,0.013800000000000002,7.230501999055036e-09
139,0.013900000000000001,7.49723897715169e-09
140,0.014,7.771801634256791e-09
141,0.014100000000000001,8.054361343717705e-09
142,0.0142,8.345091969504166e-09
143,0.0143,8.644169891323051e-09
144,0.014400000000000001,8.951774041816945e-09
145,0.0145,9.268085871228455e-09
146,0.0146,9.593289420776992e-09
147,0.014700000000000001,9.9275713257345e-09
148,0.0148,1.027112080660463e-08
149,0.0149,3.069906169223196e-10
150,0.015000000000000001,3.1960064762153667e-10
151,0.0151,3.326398187665421e-10
152,0.0152,3.4611974551252105e-10
153,0.015300000000000001,3.6005229221490955e-10
154,0.0154,3.744495440032766e-10
155,0.0155,3.893238527892885e-10
156,0.015600000000000001,4.046877860266112e-10
157,0.015700000000000002,4.205541761621649e-10
158,0.0158,4.3693610956383276e-10
159,0.0159,4.538469144397368e-10
160,0.016,4.713001944965497e-10
161,0.0161,4.89309787064677e-10
162,0.0162,5.078898218212589e-10
163,0.016300000000000002,5.270546753697593e-10
164,0.0164,5.468190170111756e-10
165,0.0165,5.671977610992302e-10
166,0.0166,5.882061320478157e-10
167,0.0167,6.09859613976571e-10
168,0.016800000000000002,6.321739720692342e-10
169,0.016900000000000002,6.551652928934693e-10
170,0.017,6.788499072922647e-10
171,0.0171,7.03244478860117e-10
172,0.0172,7.283659531910825e-10
173,0.0173,7.542315835953225e-10
174,0.017400000000000002,7.808589327009336e-10
175,0.0175,8.08265850473049e-10
176,0.0176,8.364705357429323e-10
177,0.0177,8.654914817935188e-10
178,0.0178,8.953475006086224e-10
179,0.0179,9.260577421033604e-10
180,0.018000000000000002,9.576416644411653e-10
181,0.0181,9.901190863086808e-10
182,0.0182,1.0235101402940155e-09
183,0.0183,1.0578352952067782e-09
184,0.0184,1.093115372055216e-09
185,0.018500000000000003,1.1293715496291794e-09
186,0.018600000000000002,1.1666253402509882e-09
187,0.0187,1.204898613279291e-09
188,0.0188,1.2442136027936668e-09
189,0.0189,1.284592898293699e-09
190,0.019,1.3260594666507285e-09
191,0.019100000000000002,1.3686366311090983e-09
192,0.019200000000000002,1.4123481056372578e-09
193,0.0193,1.4572179670775112e-09
194,0.0194,1.5032706750809069e-09
195,0.0195,1.5505310971281445e-09
196,0.0196,1.5990244585931655e-09
197,0.019700000000000002,1.6487764086275549e-09
198,0.0198,1.6998129774322403e-09
199,0.0199,1.7521606071448642e-09
200,0.02,1.8058461379702333e-09
201,0.0201,1.8608968296234897e-09
202,0.020200000000000003,1.9173403543851446e-09
203,0.020300000000000002,1.9752048011144264e-09
204,0.0204,2.0345186906097044e-09
205,0.0205,2.0953109547676033e-09
206,0.0206,2.1576109740325153e-09
207,0.0207,2.221448566835901e-09
208,0.020800000000000003,2.2868539877344247e-09
209,0.020900000000000002,2.353857919281186e-09
210,0.021,2.4224915138977473e-09
211,0.0211,2.492786386277355e-09
212,0.0212,2.5647745825269612e-09
213,0.0213,2.6384886292648994e-09
214,0.021400000000000002,2.7139615183366417e-09
215,0.021500000000000002,2.7912267192668665e-09
216,0.0216,2.8703181471299855e-09
217,0.0217,2.9512702493018905e-09
218,0.0218,3.034117906548762e-09
219,0.0219,3.1188965316198902e-09
220,0.022000000000000002,3.205641995559028e-09
221,0.0221,3.294390699806097e-09
222,0.0222,3.3851795314257656e-09
223,0.0223,3.4780458756676964e-09
224,0.0224,3.573027670676431e-09
225,0.022500000000000003,3.670163332692022e-09
226,0.022600000000000002,3.769491805302684e-09
227,0.0227,3.871052588692454e-09
228,0.0228,3.974885670255232e-09
229,0.0229,4.0810316206037104e-09
230,0.023,4.189531514531681e-09
231,0.023100000000000002,4.300426989553073e-09
232,0.023200000000000002,4.413760234674886e-09
233,0.0233,4.529573987620521e-09
234,0.0234,4.647911551029206e-09
235,0.0235,4.768816809658027e-09
236,0.0236,4.892334181693733e-09
237,0.023700000000000002,5.01850868717447e-09
238,0.0238,5.147385928318201e-09
239,0.0239,5.279012086702214e-09
240,0.024,5.4134339223718156e-09
241,0.0241,5.550698806639507e-09
242,0.024200000000000003,5.6908547152833905e-09
243,0.024300000000000002,5.833950202997456e-09
244,0.0244,5.980034470536016e-09
245,0.0245,6.129157305947052e-09
246,0.0246,6.281369140012973e-09
247,0.0247,6.436721007652666e-09
248,0.024800000000000003,6.595264598884229e-09
249,0.024900000000000002,6.757052217038044e-09
250,0.025,6.922136813306887e-09
251,0.0251,7.0905720073591964e-09
252,0.0252,7.262412046464127e-09
253,0.0253,7.437711838220665e-09
254,0.025400000000000002,7.616526961697464e-09
255,0.025500000000000002,7.798913654133503e-09
256,0.0256,7.98492885408772e-09
257,0.0257,8.174630126058074e-09
258,0.0258,8.368075764970349e-09
259,0.025900000000000003,8.565324743278044e-09
260,0.026000000000000002,8.76643673042987e-09
261,0.0261,8.971472073779992e-09
262,0.0262,9.180491854005547e-09
263,0.0263,9.393557853293074e-09
264,0.0264,9.610732579786856e-09
265,0.026500000000000003,9.832079240595378e-09
266,0.026600000000000002,1.0057661794163147e-08
267,0.0267,1.028754492490526e-08
268,0.0268,1.052179406024308e-08
269,0.0269,5.61344154132139e-10
270,0.027,5.761641404005069e-10
271,0.027100000000000003,5.913184547465026e-10
272,0.027200000000000002,6.068133620461034e-10
273,0.0273,6.226552265163106e-10
274,0.0274,6.388504909384998e-10
275,0.0275,6.554057317715056e-10
276,0.027600000000000003,6.723275726631109e-10
277,0.027700000000000002,6.896227620321971e-10
278,0.027800000000000002,7.072981531982265e-10
279,0.0279,7.253607044426273e-10
280,0.028,7.438174307647572e-10
281,0.0281,7.62675513108406e-10
282,0.028200000000000003,7.819421807696882e-10
283,0.028300000000000002,8.016247947550348e-10
284,0.0284,8.217308249935253e-10
285,0.0285,8.422678362042089e-10
286,0.0286,8.632435093947418e-10
287,0.0287,8.846656310813853e-10
288,0.028800000000000003,9.065420898398744e-10
289,0.028900000000000002,9.288809006452108e-10
290,0.029,9.51690189862083e-10
291,0.0291,9.749781875573961e-10
292,0.0292,9.98753238414741e-10
293,0.029300000000000003,1.0230238179979517e-09
294,0.029400000000000003,1.0477984900344491e-09
295,0.029500000000000002,1.0730859904221458e-09
296,0.0296,1.0988951122095722e-09
297,0.0297,1.1252348113177136e-09
298,0.0298,1.152114145417255e-09
299,0.029900000000000003,1.1795423068064442e-09
300,0.030000000000000002,1.2075286191081135e-09
301,0.030100000000000002,1.2360825206816868e-09
302,0.0302,1.2652135565118736e-09
303,0.0303,1.2949314522890836e-09
304,0.0304,1.3252460202246625e-09
305,0.030500000000000003,1.3561672252275274e-09
306,0.030600000000000002,1.3877051459406395e-09
307,0.0307,1.419870015750646e-09
308,0.0308,1.452672189863264e-09
309,0.0309,1.4861221731302094e-09
310,0.031,1.5202305940345443e-09
311,0.031100000000000003,1.5550082108757457e-09
312,0.031200000000000002,1.5904659718665116e-09
313,0.0313,1.6266149007091746e-09
314,0.031400000000000004,1.663466218578176e-09
315,0.0315,1.7010312612677588e-09
316,0.0316,1.739321507413506e-09
317,0.0317,1.7783486266983992e-09
318,0.0318,1.818124384878846e-09
319,0.031900000000000005,1.8586607194873666e-09
320,0.032,1.899969734644287e-09
321,0.032100000000000004,1.942063664783372e-09
322,0.0322,1.984954896971835e-09
323,0.0323,2.0286560077956424e-09
324,0.0324,2.073179692947468e-09
325,0.0325,2.1185388465276e-09
326,0.032600000000000004,2.1647464712319695e-09
327,0.0327,2.21181578279959e-09
328,0.0328,2.2597601409217127e-09
329,0.0329,2.3085930471314372e-09
330,0.033,2.358328232347466e-09
331,0.033100000000000004,2.4089795176635006e-09
332,0.0332,2.460560937505783e-09
333,0.0333,2.5130867238810867e-09
334,0.0334,2.5665712229456516e-09
335,0.0335,2.621028975533748e-09
336,0.033600000000000005,2.6764747441252643e-09
337,0.0337,2.7329233895566553e-09
338,0.033800000000000004,2.7903900191730423e-09
339,0.0339,2.8488899027686943e-09
340,0.034,2.908438455575216e-09
341,0.0341,2.969051334562603e-09
342,0.0342,3.030744354484965e-09
343,0.034300000000000004,3.0935334996689876e-09
344,0.0344,3.1574349943149484e-09
345,0.0345,3.2224651864391593e-09
346,0.0346,3.2886406815923136e-09
347,0.0347,3.355978240537096e-09
348,0.034800000000000005,3.4244948378718215e-09
349,0.0349,3.4942076257619203e-09
350,0.035,3.5651339839816715e-09
351,0.0351,3.6372914589668178e-09
352,0.0352,3.7106978417270753e-09
353,0.035300000000000005,3.7853711036513056e-09
354,0.0354,3.86132940776108e-09
355,0.035500000000000004,3.938591161646184e-09
356,0.0356,4.01717494952835e-09
357,0.0357,4.097099585240612e-09
358,0.0358,4.178384107483305e-09
359,0.0359,4.26104774559289e-09
360,0.036000000000000004,4.3451099573217095e-09
361,0.0361,4.430590418692309e-09
362,0.0362,4.517509025298201e-09
363,0.0363,4.605885904215108e-09
364,0.0364,4.695741395232444e-09
365,0.036500000000000005,4.787096072293526e-09
366,0.0366,4.879970752431213e-09
367,0.0367,4.974386439389186e-09
368,0.0368,5.070364423342944e-09
369,0.0369,5.167926179460159e-09
370,0.037000000000000005,5.2670934367372955e-09
371,0.0371,5.36788819805726e-09
372,0.037200000000000004,5.470332665945323e-09
373,0.0373,5.574449282666821e-09
374,0.0374,5.6802607523718434e-09
375,0.0375,5.787790019728157e-09
376,0.0376,5.897060276761079e-09
377,0.037700000000000004,6.008094978596774e-09
378,0.0378,6.120917800874236e-09
379,0.0379,6.235552711668622e-09
380,0.038,6.35202390569461e-09
381,0.0381,6.470355836555898e-09
382,0.038200000000000005,6.590573259535014e-09
383,0.0383,6.712701121659425e-09
384,0.038400000000000004,6.836764708173014e-09
385,0.0385,6.962789515575717e-09
386,0.0386,7.090801348301748e-09
387,0.038700000000000005,7.220826242683698e-09
388,0.0388,7.3528905280695705e-09
389,0.038900000000000004,7.48702083656519e-09
390,0.039,7.623244027401688e-09
391,0.0391,7.761587252971944e-09
392,0.0392,7.902077992638042e-09
393,0.0393,8.044743939991302e-09
394,0.039400000000000004,8.189613116387439e-09
395,0.0395,8.336713830331575e-09
396,0.0396,8.486074673254577e-09
397,0.0397,8.63772451984342e-09
398,0.0398,8.791692551621106e-09
399,0.039900000000000005,8.948008256367961e-09
400,0.04,9.10670139477032e-09
401,0.040100000000000004,9.267802050935857e-09
402,0.0402,9.431340607267562e-09
403,0.0403,9.597347740137798e-09
404,0.040400000000000005,9.765854473338326e-09
405,0.0405,9.936892076038505e-09
406,0.040600000000000004,1.0110492195360932e-08
407,0.0407,1.0286686750592314e-08
408,0.0408,1.0465508008263746e-08
409,0.0409,1.0646988553113711e-08
410,0.041,1.0831161246610831e-08
411,0.041100000000000005,8.781979005612385e-10
412,0.0412,8.95488084166008e-10
413,0.0413,9.130755170348185e-10
414,0.0414,9.30964572210168e-10
415,0.0415,9.491596808262218e-10
416,0.041600000000000005,9.67665303305615e-10
417,0.0417,9.8648597692536e-10
418,0.041800000000000004,1.0056262895361977e-09
419,0.0419,1.025090890862897e-09
420,0.042,1.0448844941411366e-09
421,0.042100000000000005,1.0650118396239051e-09
422,0.0422,1.0854777513080788e-09
423,0.042300000000000004,1.106287084425732e-09
424,0.0424,1.1274447911589222e-09
425,0.0425,1.1489558382112213e-09
426,0.0426,1.1708252962864543e-09
427,0.0427,1.193058262334098e-09
428,0.042800000000000005,1.215659919555459e-09
429,0.0429,1.2386354841408497e-09
430,0.043000000000000003,1.2619902367210237e-09
431,0.0431,1.2857295630757373e-09
432,0.0432,1.3098588640791814e-09
433,0.043300000000000005,1.3343836111988985e-09
434,0.0434,1.3593093761261958e-09
435,0.043500000000000004,1.3846417476461492e-09
436,0.0436,1.4103864028300874e-09
437,0.0437,1.4365490910731176e-09
438,0.0438,1.4631356089417476e-09
439,0.0439,1.4901518478128743e-09
440,0.044000000000000004,1.5176037328416358e-09
441,0.0441,1.545497291280591e-09
442,0.0442,1.573838575736473e-09
443,0.0443,1.6026337831974987e-09
444,0.0444,1.6318890862625225e-09
445,0.044500000000000005,1.6616107924589212e-09
446,0.0446,1.6918052788814889e-09
447,0.044700000000000004,1.7224789651342713e-09
448,0.0448,1.7536383592362138e-09
449,0.0449,1.785290042456665e-09
450,0.045000000000000005,1.817440680247384e-09
451,0.0451,1.8500969858570918e-09
452,0.045200000000000004,1.8832657944352654e-09
453,0.0453,1.9169539553898966e-09
454,0.0454,1.9511684329794746e-09
455,0.0455,1.985916275241544e-09
456,0.0456,2.02120460382653e-09
457,0.045700000000000005,2.0570405996838304e-09
458,0.0458,2.093431526039491e-09
459,0.0459,2.1303847597219564e-09
460,0.046,2.1679077408719307e-09
461,0.0461,2.2060079516308177e-09
462,0.046200000000000005,2.2446930093346047e-09
463,0.0463,2.2839705998695587e-09
464,0.046400000000000004,2.323848503733667e-09
465,0.0465,2.364334546316475e-09
466,0.0466,2.4054366796552936e-09
467,0.046700000000000005,2.447162912359294e-09
468,0.0468,2.489521379521734e-09
469,0.046900000000000004,2.5325202599874854e-09
470,0.047,2.576167839548208e-09
471,0.0471,2.6204725019775325e-09
472,0.0472,2.6654427213231204e-09
473,0.0473,2.7110870416503114e-09
474,0.047400000000000005,2.757414102244198e-09
475,0.0475,2.8044326631273865e-09
476,0.0476,2.852151536281911e-09
477,0.0477,2.900579676335187e-09
478,0.0478,2.9497260767790437e-09
479,0.047900000000000005,2.999599884691483e-09
480,0.048,3.050210289604369e-09
481,0.048100000000000004,3.1015666204563025e-09
482,0.0482,3.1536782718717312e-09
483,0.0483,3.2065547466905593e-09
484,0.048400000000000006,3.2602056877060436e-09
485,0.0485,3.314640779364437e-09
486,0.048600000000000004,3.369869824388425e-09
487,0.0487,3.425902738784648e-09
488,0.0488,3.4827495524867755e-09
489,0.0489,3.5404203642595207e-09
490,0.049,3.598925417784249e-09
491,0.049100000000000005,3.6582750193678657e-09
492,0.0492,3.7184796228938704e-09
493,0.049300000000000004,3.779549748647832e-09
494,0.0494,3.841496081638225e-09
495,0.0495,3.904329362758674e-09
496,0.049600000000000005,3.968060465642302e-09
497,0.0497,4.032700372754552e-09
498,0.049800000000000004,4.0982601744783e-09
499,0.0499,4.164751068181434e-09
500,0.05,4.232184390881338e-09
501,0.050100000000000006,4.300571577609753e-09
502,0.0502,4.369924151550587e-09
503,0.050300000000000004,4.440253809622346e-09
504,0.0504,4.51157231756303e-09
505,0.0505,4.583891583838111e-09
506,0.0506,4.657223639767089e-09
507,0.0507,4.731580600139051e-09
508,0.050800000000000005,4.806974749569692e-09
509,0.0509,4.883418473655986e-09
510,0.051000000000000004,4.960924268315176e-09
511,0.0511,5.039504777608364e-09
512,0.0512,5.11917274669781e-09
513,0.051300000000000005,5.199941077708338e-09
514,0.0514,5.281822757029497e-09
515,0.051500000000000004,5.364830942830102e-09
516,0.0516,5.44897890276333e-09
517,0.0517,5.534280038584223e-09
518,0.051800000000000006,5.620747858053853e-09
519,0.0519,5.708396025396106e-09
520,0.052000000000000005,5.797238362174601e-09
521,0.0521,5.887288776594174e-09
522,0.0522,5.9785613567649594e-09
523,0.0523,6.071070260186813e-09
524,0.0524,6.164829868460638e-09
525,0.052500000000000005,6.2598546353217796e-09
526,0.0526,6.356159166619094e-09
527,0.052700000000000004,6.453758262695497e-09
528,0.0528,6.552666782214317e-09
529,0.0529,6.652899804400264e-09
530,0.053000000000000005,6.7544724677923155e-09
531,0.0531,6.857400125337961e-09
532,0.053200000000000004,6.961698274206212e-09
533,0.0533,7.06738252685872e-09
534,0.0534,7.174468634857608e-09
535,0.053500000000000006,7.282972547340045e-09
536,0.0536,7.392910330703083e-09
537,0.053700000000000005,7.504298192543008e-09
538,0.0538,7.61715254045439e-09
539,0.0539,7.731489871324494e-09
540,0.054,7.847326905615806e-09
541,0.0541,7.964680487519383e-09
542,0.054200000000000005,8.083567582210186e-09
543,0.0543,8.204005379408896e-09
544,0.054400000000000004,8.32601121204077e-09
545,0.0545,8.44960252495959e-09
546,0.0546,8.57479697738121e-09
547,0.054700000000000006,8.701612381754931e-09
548,0.0548,8.830066726846451e-09
549,0.054900000000000004,8.960178111201681e-09
550,0.055,9.091964880045371e-09
551,0.0551,9.225445478599274e-09
552,0.055200000000000006,9.360638571626918e-09
553,0.0553,9.497562960607591e-09
554,0.055400000000000005,9.636237642500296e-09
555,0.0555,9.776681791270445e-09
556,0.055600000000000004,9.918914714828286e-09
557,0.0557,1.0062955925461478e-08
558,0.0558,1.0208825129470182e-08
559,0.055900000000000005,1.0356542203607721e-08
560,0.056,1.0506127176168821e-08
561,0.056100000000000004,1.0657600276739068e-08
562,0.0562,1.0810981924046952e-08
563,0.0563,1.0966292707093038e-08
564,0.056400000000000006,1.1123553418822927e-08
565,0.0565,1.2362611546395142e-09
566,0.056600000000000004,1.256145867752768e-09
567,0.0567,1.276314513722898e-09
568,0.0568,1.2967705850280483e-09
569,0.056900000000000006,1.31751774683113e-09
570,0.057,1.3385595484509333e-09
571,0.057100000000000005,1.359899682561682e-09
572,0.0572,1.381541835827959e-09
573,0.057300000000000004,1.4034897573700351e-09
574,0.0574,1.4257471937242952e-09
575,0.0575,1.4483180046377068e-09
576,0.057600000000000005,1.4712059972199782e-09
577,0.0577,1.4944151175985306e-09
578,0.057800000000000004,1.517949279642653e-09
579,0.0579,1.5418124440685308e-09
580,0.058,1.5660086848058625e-09
581,0.058100000000000006,1.5905419979128699e-09
582,0.0582,1.615416547414844e-09
583,0.058300000000000005,1.6406364416482154e-09
584,0.0584,1.6662059101485556e-09
585,0.0585,1.6921291437919518e-09
586,0.058600000000000006,1.7184104621598877e-09
587,0.0587,1.7450541531895526e-09
588,0.058800000000000005,1.7720646188267157e-09
589,0.0589,1.7994462639226612e-09
590,0.059000000000000004,1.827203534028526e-09
591,0.0591,1.855340944938016e-09
592,0.0592,1.8838630623462814e-09
593,0.059300000000000005,1.9127744448982717e-09
594,0.0594,1.9420797759106137e-09
595,0.059500000000000004,1.9717837285922803e-09
596,0.0596,2.0018910528867966e-09
597,0.0597,2.0324065235890683e-09
598,0.059800000000000006,2.063335008544716e-09
599,0.0599,2.094681371200325e-09
600,0.060000000000000005,2.126450552812702e-09
601,0.0601,2.1586475377821464e-09
602,0.060200000000000004,2.1912773626260504e-09
603,0.0603,2.2243451144647864e-09
604,0.0604,2.2578559436139786e-09
605,0.060500000000000005,2.291815010868272e-09
606,0.0606,2.3262275954504936e-09
607,0.060700000000000004,2.3610990035394257e-09
608,0.0608,2.396434536309769e-09
609,0.0609,2.4322396018448863e-09
610,0.061000000000000006,2.4685197033425165e-09
611,0.0611,2.5052803200406965e-09
612,0.061200000000000004,2.5425269837447175e-09
613,0.0613,2.580265379401564e-09
614,0.0614,2.6185011343753068e-09
615,0.061500000000000006,2.657240011920194e-09
616,0.0616,2.6964877986511627e-09
617,0.061700000000000005,2.7362503063327157e-09
618,0.0618,2.776533476650783e-09
619,0.061900000000000004,2.8173432264576352e-09
620,0.062,2.858685628588409e-09
621,0.0621,2.9005667604382346e-09
622,0.062200000000000005,2.942992718331681e-09
623,0.0623,2.985969713978703e-09
624,0.062400000000000004,3.029504005880699e-09
625,0.0625,3.0736019597780698e-09
626,0.0626,3.1182698937606674e-09
627,0.0627,3.163514282933048e-09
628,0.06280000000000001,3.209341631957241e-09
629,0.0629,3.2557584989686996e-09
630,0.063,3.3027715307691818e-09
631,0.0631,3.35038741535437e-09
632,0.0632,3.3986129115735193e-09
633,0.06330000000000001,3.4474548513158574e-09
634,0.0634,3.49692010279776e-09
635,0.0635,3.5470156634263427e-09
636,0.0636,3.5977485397520075e-09
637,0.0637,3.649125827371475e-09
638,0.06380000000000001,3.701154664773675e-09
639,0.0639,3.753842287608098e-09
640,0.064,3.8071960142451985e-09
641,0.0641,3.861223186229122e-09
642,0.06420000000000001,3.915931241405221e-09
643,0.06430000000000001,3.971327701275187e-09
644,0.0644,4.02742011493398e-09
645,0.0645,4.084216147651238e-09
646,0.0646,4.141723526769538e-09
647,0.06470000000000001,4.199950038155888e-09
648,0.0648,4.2589035264063424e-09
649,0.0649,4.318591980416714e-09
650,0.065,4.3790233689494355e-09
651,0.0651,4.4402058038712e-09
652,0.06520000000000001,4.5021474304646205e-09
653,0.0653,4.564856507594321e-09
654,0.0654,4.628341339501753e-09
655,0.0655,4.692610337158889e-09
656,0.0656,4.7576719766389115e-09
657,0.06570000000000001,4.823534776305166e-09
658,0.0658,4.89020739303619e-09
659,0.0659,4.957698522849702e-09
660,0.066,5.026016985815643e-09
661,0.0661,5.095171633987647e-09
662,0.06620000000000001,5.165171409424525e-09
663,0.0663,5.236025377544572e-09
664,0.0664,5.307742621035442e-09
665,0.0665,5.380332360223119e-09
666,0.0666,5.453803858442854e-09
667,0.06670000000000001,5.5281665351620525e-09
668,0.0668,5.603429812619424e-09
669,0.0669,5.679603240712942e-09
670,0.067,5.756696433044676e-09
671,0.0671,5.8347191612546745e-09
672,0.06720000000000001,5.913681149665847e-09
673,0.0673,5.993592357914352e-09
674,0.0674,6.0744627341785485e-09
675,0.0675,6.156302350937569e-09
676,0.06760000000000001,6.239121375960593e-09
677,0.06770000000000001,6.322930080631547e-09
678,0.0678,6.407738800780957e-09
679,0.0679,6.493557976555635e-09
680,0.068,6.580398172762733e-09
681,0.06810000000000001,6.668269944125464e-09
682,0.0682,6.757184082095088e-09
683,0.0683,6.847151372721586e-09
684,0.0684,6.938182720261336e-09
685,0.0685,7.030289173761785e-09
686,0.06860000000000001,7.1234818455946115e-09
687,0.0687,7.217771895537101e-09
688,0.0688,7.313170671572905e-09
689,0.0689,7.409689567954247e-09
690,0.069,7.507340087739453e-09
691,0.06910000000000001,7.606133827102313e-09
692,0.0692,7.706082552545971e-09
693,0.0693,7.807198023553034e-09
694,0.0694,7.909492209261483e-09
695,0.0695,8.012977076342806e-09
696,0.06960000000000001,8.117664788023016e-09
697,0.0697,8.223567572737804e-09
698,0.0698,8.330697777310624e-09
699,0.0699,8.439067853162013e-09
700,0.07,8.548690356718813e-09
701,0.07010000000000001,8.659577931382216e-09
702,0.0702,8.771743375519616e-09
703,0.0703,8.885199577468858e-09
704,0.0704,8.999959534350643e-09
705,0.07050000000000001,9.116036350431685e-09
706,0.07060000000000001,9.233443274679379e-09
707,0.0707,9.352193593973027e-09
708,0.0708,9.472300817200085e-09
709,0.0709,9.593778492025139e-09
710,0.07100000000000001,9.716640312719321e-09
711,0.0711,9.840900052250298e-09
712,0.0712,9.966571693586266e-09
713,0.0713,1.0093669205724214e-08
714,0.0714,1.022220676862042e-08
715,0.07150000000000001,1.0352198709512979e-08
716,0.0716,1.0483659371728921e-08
717,0.0717,1.0616603311425339e-08
718,0.0718,1.0751045195863246e-08
719,0.0719,1.0886999755464586e-08
720,0.07200000000000001,1.1024481922771546e-08
721,0.0721,1.1163506685945941e-08
722,0.0722,1.1304089221724708e-08
723,0.0723,1.1446244818147534e-08
724,0.0724,1.1589988853774376e-08
725,0.07250000000000001,1.6499813519898284e-09
726,0.0726,1.6729492377017835e-09
727,0.0727,1.6962047247617472e-09
728,0.0728,1.7197510182354908e-09
729,0.0729,1.7435913100002593e-09
730,0.07300000000000001,1.7677288660546525e-09
731,0.0731,1.7921669906183891e-09
732,0.0732,1.8169090370058574e-09
733,0.0733,1.8419583114595571e-09
734,0.0734,1.8673182894342355e-09
735,0.07350000000000001,1.8929922922551187e-09
736,0.0736,1.918983856005799e-09
737,0.0737,1.9452964313073618e-09
738,0.0738,1.971933542276729e-09
739,0.07390000000000001,1.998898795576257e-09
740,0.07400000000000001,2.0261957100030933e-09
741,0.0741,2.053827977880981e-09
742,0.0742,2.0817992492554963e-09
743,0.0743,2.1101131814651304e-09
744,0.07440000000000001,2.138773539134047e-09
745,0.0745,2.167784077208415e-09
746,0.0746,2.1971486236567228e-09
747,0.0747,2.2268709881583215e-09
748,0.0748,2.2569550602722313e-09
749,0.07490000000000001,2.2874047485745292e-09
750,0.075,2.318224031109255e-09
751,0.0751,2.3494168481904665e-09
752,0.0752,2.3809872757008127e-09
753,0.0753,2.412939341010033e-09
754,0.07540000000000001,2.4452771525835096e-09
755,0.0755,2.4780048386285904e-09
756,0.0756,2.5111266023684385e-09
757,0.0757,2.5446466914587283e-09
758,0.0758,2.578569280749215e-09
759,0.07590000000000001,2.612898753455457e-09
760,0.076,2.647639375873244e-09
761,0.0761,2.6827955612052662e-09
762,0.0762,2.7183717434660045e-09
763,0.0763,2.7543723975831708e-09
764,0.07640000000000001,2.790801961397572e-09
765,0.0765,2.8276650052553205e-09
766,0.0766,2.8649661633583605e-09
767,0.0767,2.902709981619615e-09
768,0.07680000000000001,2.9409012200322854e-09
769,0.07690000000000001,2.9795445212839763e-09
770,0.077,3.0186446912181403e-09
771,0.0771,3.0582065014646387e-09
772,0.0772,3.098234822240206e-09
773,0.07730000000000001,3.1387345641282244e-09
774,0.07740000000000001,3.179710596778521e-09
775,0.0775,3.22116793654908e-09
776,0.0776,3.2631116180491567e-09
777,0.0777,3.305546735020288e-09
778,0.07780000000000001,3.3484783541839233e-09
779,0.0779,3.3919117016642488e-09
780,0.078,3.4358519176611536e-09
781,0.0781,3.4803043388525487e-09
782,0.0782,3.5252742069541445e-09
783,0.07830000000000001,3.5707669632317485e-09
784,0.0784,3.6167879242445645e-09
785,0.0785,3.6633425952780447e-09
786,0.0786,3.7104364439753954e-09
787,0.0787,3.758075074802437e-09
788,0.07880000000000001,3.806264068560516e-09
789,0.0789,3.855009067439842e-09
790,0.079,3.9043157868283915e-09
791,0.0791,3.95418999021507e-09
792,0.0792,4.004637461584938e-09
793,0.07930000000000001,4.0556641074083906e-09
794,0.0794,4.107275790182383e-09
795,0.0795,4.1594784883621575e-09
796,0.0796,4.212278278346825e-09
797,0.07970000000000001,4.265681118306275e-09
798,0.07980000000000001,4.319693257833214e-09
799,0.0799,4.374320798233968e-09
800,0.08,4.429570007145152e-09
801,0.0801,4.485447164912698e-09
802,0.08020000000000001,4.541958651270378e-09
803,0.08030000000000001,4.599110823769482e-09
804,0.0804,4.656910172606998e-09
805,0.0805,4.715363215426984e-09
806,0.0806,4.774476485570133e-09
807,0.08070000000000001,4.834256704226542e-09
808,0.08080000000000001,4.8947104649801405e-09
809,0.0809,4.955844573390687e-09
810,0.081,5.017665868223327e-09
811,0.0811,5.080181140908362e-09
812,0.08120000000000001,5.143397377197033e-09
813,0.0813,5.207321558596555e-09
814,0.0814,5.271960747850215e-09
815,0.0815,5.337322017820881e-09
816,0.0816,5.403412592128044e-09
817,0.08170000000000001,5.47023968592052e-09
818,0.0818,5.53781057022915e-09
819,0.0819,5.606132691853484e-09
820,0.082,5.675213377072274e-09
821,0.0821,5.745060193118734e-09
822,0.08220000000000001,5.8156806851985655e-09
823,0.0823,5.8870824772339545e-09
824,0.0824,5.959273207154286e-09
825,0.0825,6.032260719740821e-09
826,0.0826,6.106052749022698e-09
827,0.08270000000000001,6.1806572558683865e-09
828,0.0828,6.25608213876984e-09
829,0.0829,6.33233545380964e-09
830,0.083,6.40942532083284e-09
831,0.08310000000000001,6.487359858082914e-09
832,0.08320000000000001,6.566147318214626e-09
833,0.0833,6.645796003717144e-09
834,0.0834,6.726314301174475e-09
835,0.0835,6.807710644991097e-09
836,0.08360000000000001,6.88999357859949e-09
837,0.08370000000000001,6.973171639954697e-09
838,0.0838,7.0572535670852754e-09
839,0.0839,7.1422480293530094e-09
840,0.084,7.228163857668118e-09
841,0.08410000000000001,7.315009927282946e-09
842,0.08420000000000001,7.402795276015483e-09
843,0.0843,7.491528833989122e-09
844,0.0844,7.581219773129498e-09
845,0.0845,7.6718773009471e-09
846,0.08460000000000001,7.763510655620793e-09
847,0.0847,7.856129172843825e-09
848,0.0848,7.949742298611957e-09
849,0.0849,8.04435951027916e-09
850,0.085,8.139990420908619e-09
851,0.08510000000000001,8.236644717699798e-09
852,0.0852,8.33433207756354e-09
853,0.0853,8.433062368832237e-09
854,0.0854,8.532845472465958e-09
855,0.0855,8.633691391898681e-09
856,0.08560000000000001,8.735610228543595e-09
857,0.0857,8.83861208948777e-09
858,0.0858,8.942707250346956e-09
859,0.0859,9.047906030512067e-09
860,0.08600000000000001,9.154218810804093e-09
861,0.08610000000000001,9.261656129269492e-09
862,0.0862,9.370228583631008e-09
863,0.0863,9.479946775937828e-09
864,0.0864,9.590821527055085e-09
865,0.08650000000000001,9.702863693158123e-09
866,0.08660000000000001,9.816084170795148e-09
867,0.0867,9.930493993217503e-09
868,0.0868,1.0046104313204171e-08
869,0.0869,1.0162926273999747e-08
870,0.08700000000000001,1.0280971250637097e-08
871,0.08710000000000001,1.0400250614291189e-08
872,0.0872,1.0520775844194808e-08
873,0.0873,1.0642558502530027e-08
874,0.0874,1.076561029344937e-08
875,0.08750000000000001,1.0889942999734469e-08
876,0.0876,1.1015568444621734e-08
877,0.0877,1.1142498596919197e-08
878,0.0878,1.1270745545956405e-08
879,0.0879,1.1400321450665864e-08
880,0.08800000000000001,1.1531238514036008e-08
881,0.0881,1.1663509127349458e-08
882,0.0882,1.1797145762751187e-08
883,0.0883,1.1932160968320346e-08
884,0.0884,1.2068567404449916e-08
885,0.08850000000000001,2.09495906139329e-09
886,0.0886,2.1212485827256203e-09
887,0.0887,2.147838045499431e-09
888,0.0888,2.1747305345313906e-09
889,0.0889,2.2019291889620682e-09
890,0.08900000000000001,2.229437111453077e-09
891,0.0891,2.257257469495179e-09
892,0.0892,2.2853934592128303e-09
893,0.0893,2.3138483759428334e-09
894,0.08940000000000001,2.3426253717075502e-09
895,0.08950000000000001,2.371727799675314e-09
896,0.0896,2.401158942850904e-09
897,0.0897,2.430922178803888e-09
898,0.0898,2.461020854143497e-09
899,0.08990000000000001,2.4914583604902056e-09
900,0.09000000000000001,2.5222381899103446e-09
901,0.0901,2.5533637589605352e-09
902,0.0902,2.5848385716710016e-09
903,0.0903,2.616666190935291e-09
904,0.09040000000000001,2.6488501436473745e-09
905,0.09050000000000001,2.6813940130244646e-09
906,0.0906,2.71430146533781e-09
907,0.0907,2.7475761442610215e-09
908,0.0908,2.7812217503024795e-09
909,0.09090000000000001,2.815241979942713e-09
910,0.091,2.849640634603689e-09
911,0.0911,2.8844214800293304e-09
912,0.0912,2.9195883020036615e-09
913,0.0913,2.9551450478354935e-09
914,0.09140000000000001,2.991095522612405e-09
915,0.0915,3.0274437092980006e-09
916,0.0916,3.064193542053599e-09
917,0.0917,3.101349069405692e-09
918,0.0918,3.1389142696529287e-09
919,0.09190000000000001,3.1768932438218306e-09
920,0.092,3.2152900656732623e-09
921,0.0921,3.2541089133950904e-09
922,0.0922,3.2933539326539796e-09
923,0.09230000000000001,3.3330293928266006e-09
924,0.09240000000000001,3.3731394715309944e-09
925,0.0925,3.413688510914844e-09
926,0.0926,3.4546808235919415e-09
927,0.0927,3.4961207899545598e-09
928,0.09280000000000001,3.538012790652258e-09
929,0.09290000000000001,3.5803612961290837e-09
930,0.093,3.6231707365502635e-09
931,0.0931,3.666445681116308e-09
932,0.0932,3.7101906997994585e-09
933,0.09330000000000001,3.754410327817604e-09
934,0.09340000000000001,3.799109272857142e-09
935,0.0935,3.844292180882559e-09
936,0.0936,3.889963791674886e-09
937,0.0937,3.936128859828961e-09
938,0.09380000000000001,3.9827921547534454e-09
939,0.09390000000000001,4.029958575947917e-09
940,0.094,4.077632972274051e-09
941,0.0941,4.125820314888824e-09
942,0.0942,4.174525518839458e-09
943,0.09430000000000001,4.223753663194243e-09
944,0.0944,4.273509740734711e-09
945,0.0945,4.323798906015684e-09
946,0.0946,4.374626293639693e-09
947,0.0947,4.42599705682007e-09
948,0.09480000000000001,4.477916447754567e-09
949,0.0949,4.530389806968112e-09
950,0.095,4.583422377644111e-09
951,0.0951,4.6370195385258436e-09
952,0.0952,4.691186773935295e-09
953,0.09530000000000001,4.745929484819008e-09
954,0.0954,4.801253194573765e-09
955,0.0955,4.857163463066669e-09
956,0.0956,4.913665883943061e-09
957,0.09570000000000001,4.970766095903443e-09
958,0.09580000000000001,5.028469847254925e-09
959,0.0959,5.086782859039012e-09
960,0.096,5.145710953877274e-09
961,0.0961,5.205259921577838e-09
962,0.09620000000000001,5.265435670716109e-09
963,0.09630000000000001,5.326244189753093e-09
964,0.0964,5.3876914600061e-09
965,0.0965,5.449783511931053e-09
966,0.0966,5.5125264026943215e-09
967,0.09670000000000001,5.575926368849591e-09
968,0.09680000000000001,5.639989538565975e-09
969,0.0969,5.704722197214365e-09
970,0.097,5.770130671836009e-09
971,0.0971,5.8362212744948564e-09
972,0.09720000000000001,5.903000429954022e-09
973,0.09730000000000001,5.970474610744358e-09
974,0.0974,6.038650314534622e-09
975,0.0975,6.107534138258658e-09
976,0.0976,6.177132707203513e-09
977,0.09770000000000001,6.247452697899426e-09
978,0.0978,6.3185008582914185e-09
979,0.0979,6.390283956493343e-09
980,0.098,6.4628088896402486e-09
981,0.0981,6.5360825209985874e-09
982,0.09820000000000001,6.610111837559544e-09
983,0.0983,6.684903895972394e-09
984,0.0984,6.760465733629872e-09
985,0.0985,6.836804489387924e-09
986,0.09860000000000001,6.913927372272114e-09
987,0.09870000000000001,6.99184165018609e-09
988,0.0988,7.070554658765338e-09
989,0.0989,7.1500737495758655e-09
990,0.099,7.230406345066509e-09
991,0.09910000000000001,7.311559970680988e-09
992,0.09920000000000001,7.393542214672555e-09
993,0.0993,7.47636065284269e-09
994,0.0994,7.560023005260474e-09
995,0.0995,7.644536974007062e-09
996,0.09960000000000001,7.729910452584996e-09
997,0.09970000000000001,7.81615128197078e-09
998,0.0998,7.903267396092408e-09
999,0.0999,7.991266757938515e-09
1000,0.1,8.080157537890395e-09
1001,0.10010000000000001,8.169947784013846e-09
1002,0.10020000000000001,8.26064579914911e-09
1003,0.1003,8.352259716959462e-09
1004,0.1004,8.444797979320853e-09
1005,0.1005,8.538268988163785e-09
1006,0.10060000000000001,8.63268117866517e-09
1007,0.10070000000000001,8.728043104652437e-09
1008,0.1008,8.824363374250836e-09
1009,0.1009,8.921650667725432e-09
1010,0.101,9.019913784950555e-09
1011,0.10110000000000001,9.11916145970308e-09
1012,0.1012,9.219402663890819e-09
1013,0.1013,9.320646318427264e-09
1014,0.1014,9.422901446975356e-09
1015,0.1015,9.52617719116168e-09
1016,0.10160000000000001,9.630482718966847e-09
1017,0.1017,9.735827313906117e-09
1018,0.1018,9.842220241565383e-09
1019,0.1019,9.949670969793434e-09
1020,0.10200000000000001,1.005818898769539e-08
1021,0.10210000000000001,1.0167783772775305e-08
1022,0.1022,1.0278465011806576e-08
1023,0.1023,1.0390242404368564e-08
1024,0.1024,1.0503125731615943e-08
1025,0.10250000000000001,1.0617124853545712e-08
1026,0.10260000000000001,1.073224973023861e-08
1027,0.1027,1.0848510404198373e-08
1028,0.1028,1.096591690445993e-08
1029,0.1029,1.1084479456928227e-08
1030,0.10300000000000001,1.120420828649137e-08
1031,0.10310000000000001,1.1325113803718283e-08
1032,0.1032,1.1447206376362193e-08
1033,0.1033,1.1570496528293976e-08
1034,0.1034,1.1694994867578884e-08
1035,0.10350000000000001,1.182071205951192e-08
1036,0.10360000000000001,1.1947658811608245e-08
1037,0.1037,1.2075846037343637e-08
1038,0.1038,1.2205284596072066e-08
1039,0.1039,1.2335985544686976e-08
1040,0.10400000000000001,1.2467959980349444e-08
1041,0.1041,2.5439511146615634e-09
1042,0.1042,2.5735850717909086e-09
1043,0.1043,2.603535715199333e-09
1044,0.1044,2.63380603944437e-09
1045,0.10450000000000001,2.66439911484178e-09
1046,0.1046,2.6953181978553986e-09
1047,0.1047,2.726566315733626e-09
1048,0.1048,2.7581467371175576e-09
1049,0.10490000000000001,2.7900626542645977e-09
1050,0.10500000000000001,2.822317311543346e-09
1051,0.1051,2.8549139564851142e-09
1052,0.1052,2.887855941229413e-09
1053,0.1053,2.9211465875487825e-09
1054,0.10540000000000001,2.954789214386335e-09
1055,0.10550000000000001,2.988787217975068e-09
1056,0.1056,3.0231440073390392e-09
1057,0.1057,3.057863096996177e-09
1058,0.1058,3.092947937322229e-09
1059,0.10590000000000001,3.1284019389636213e-09
1060,0.10600000000000001,3.1642287669492798e-09
1061,0.1061,3.2004319541829184e-09
1062,0.1062,3.237015037356493e-09
1063,0.1063,3.2739817122781876e-09
1064,0.10640000000000001,3.311335576438342e-09
1065,0.10650000000000001,3.349080436683978e-09
1066,0.1066,3.387219870810373e-09
1067,0.1067,3.425757747281379e-09
1068,0.1068,3.464697820716056e-09
1069,0.10690000000000001,3.504043868790093e-09
1070,0.10700000000000001,3.5437998017604654e-09
1071,0.1071,3.5839694877258232e-09
1072,0.1072,3.6245567993798118e-09
1073,0.1073,3.6655658021643033e-09
1074,0.10740000000000001,3.7070003595655996e-09
1075,0.1075,3.748864556320363e-09
1076,0.1076,3.791162463509068e-09
1077,0.1077,3.83389813214295e-09
1078,0.1078,3.877075668641603e-09
1079,0.10790000000000001,3.920699288654098e-09
1080,0.108,3.964773153356607e-09
1081,0.1081,4.009301511334626e-09
1082,0.1082,4.054288635680096e-09
1083,0.10830000000000001,4.099738763903388e-09
1084,0.10840000000000001,4.145656316342465e-09
1085,0.1085,4.192045655921867e-09
1086,0.1086,4.2389111386211535e-09
1087,0.1087,4.286257240479068e-09
1088,0.10880000000000001,4.3340884754047525e-09
1089,0.10890000000000001,4.382409306166671e-09
1090,0.109,4.431224370310961e-09
1091,0.1091,4.480538235354695e-09
1092,0.1092,4.530355526082337e-09
1093,0.10930000000000001,4.580680975867714e-09
1094,0.10940000000000001,4.631519238444777e-09
1095,0.1095,4.68287510833071e-09
1096,0.1096,4.734753325990735e-09
1097,0.1097,4.787158805194561e-09
1098,0.10980000000000001,4.840096396247887e-09
1099,0.10990000000000001,4.893570994862299e-09
1100,0.11,4.947587632329699e-09
1101,0.1101,5.002151183219796e-09
1102,0.1102,5.057266780132757e-09
1103,0.11030000000000001,5.1129395375404065e-09
1104,0.11040000000000001,5.169174461284432e-09
1105,0.1105,5.225976838840175e-09
1106,0.1106,5.2833518040971676e-09
1107,0.1107,5.34130466341055e-09
1108,0.11080000000000001,5.399840731144555e-09
1109,0.1109,5.458965245361621e-09
1110,0.111,5.518683691865713e-09
1111,0.1111,5.579001474014865e-09
1112,0.11120000000000001,5.6399240683005606e-09
1113,0.11130000000000001,5.701456953038324e-09
1114,0.1114,5.7636057776325734e-09
1115,0.1115,5.8263761058060455e-09
1116,0.1116,5.889773601084347e-09
1117,0.11170000000000001,5.9538039096364335e-09
1118,0.11180000000000001,6.018472937900771e-09
1119,0.1119,6.083786294369102e-09
1120,0.112,6.149749962577043e-09
1121,0.1121,6.21636979154989e-09
1122,0.11220000000000001,6.2836516951860165e-09
1123,0.11230000000000001,6.351601734539222e-09
1124,0.1124,6.420225865423865e-09
1125,0.1125,6.489530237115842e-09
1126,0.1126,6.5595209693338215e-09
1127,0.11270000000000001,6.630204250861145e-09
1128,0.11280000000000001,6.7015863298882465e-09
1129,0.1129,6.773673477901958e-09
1130,0.113,6.8464719765028085e-09
1131,0.1131,6.9199883785425616e-09
1132,0.11320000000000001,6.9942289930718535e-09
1133,0.11330000000000001,7.069200357766515e-09
1134,0.1134,7.1449090144648565e-09
1135,0.1135,7.221361585414026e-09
1136,0.1136,7.298564700496173e-09
1137,0.11370000000000001,7.376525047036309e-09
1138,0.11380000000000001,7.455249456463297e-09
1139,0.1139,7.534744705107664e-09
1140,0.114,7.615017640504285e-09
1141,0.11410000000000001,7.696075231653273e-09
1142,0.11420000000000001,7.777924412584183e-09
1143,0.1143,7.860572289263193e-09
1144,0.1144,7.94402587944063e-09
1145,0.1145,8.02829242343851e-09
1146,0.11460000000000001,8.113379080214508e-09
1147,0.11470000000000001,8.199293071088575e-09
1148,0.1148,8.286041844357343e-09
1149,0.1149,8.373632663101956e-09
1150,0.115,8.46207301103149e-09
1151,0.11510000000000001,8.551370384769002e-09
1152,0.11520000000000001,8.641532408310203e-09
1153,0.1153,8.73256662116764e-09
1154,0.1154,8.824480737649216e-09
1155,0.1155,8.917282478727464e-09
1156,0.11560000000000001,9.010979653076683e-09
1157,0.11570000000000001,9.10558017427479e-09
1158,0.1158,9.201091935929988e-09
1159,0.1159,9.297522947015505e-09
1160,0.116,9.39488124073057e-09
1161,0.11610000000000001,9.493174922025413e-09
1162,0.11620000000000001,9.59241225613006e-09
1163,0.1163,9.692601346206292e-09
1164,0.1164,9.793750653120736e-09
1165,0.1165,9.89586846907164e-09
1166,0.11660000000000001,9.998963254183631e-09
1167,0.11670000000000001,1.0103043538213193e-08
1168,0.1168,1.0208117872956434e-08
1169,0.1169,1.0314194893754793e-08
1170,0.117,1.0421283391576124e-08
1171,0.11710000000000001,1.0529391991838782e-08
1172,0.11720000000000001,1.0638529732559865e-08
1173,0.1173,1.0748705397429728e-08
1174,0.1174,1.0859928012209862e-08
1175,0.11750000000000001,1.0972206653335096e-08
1176,0.11760000000000001,1.1085550403343733e-08
1177,0.1177,1.1199968529703592e-08
1178,0.1178,1.1315470265128327e-08
1179,0.1179,1.1432064927946448e-08
1180,0.11800000000000001,1.1549762001694519e-08
1181,0.11810000000000001,1.1668570897524314e-08
1182,0.1182,1.1788501299291788e-08
1183,0.1183,1.1909562670128965e-08
1184,0.1184,1.2031764902041924e-08
1185,0.11850000000000001,1.2155117652580577e-08
1186,0.11860000000000001,1.2279630815210215e-08
1187,0.1187,1.2405314402236725e-08
1188,0.1188,1.2532178302124799e-08
1189,0.1189,1.2660232741103425e-08
1190,0.11900000000000001,1.2789487811423453e-08
1191,0.11910000000000001,1.2919953777038744e-08
1192,0.1192,3.0170801326653025e-09
1193,0.1193,3.050363163439759e-09
1194,0.1194,3.0839853637659224e-09
1195,0.11950000000000001,3.1179499293268965e-09
1196,0.11960000000000001,3.1522600046533898e-09
1197,0.1197,3.1869189033012837e-09
1198,0.1198,3.2219297933665365e-09
1199,0.1199,3.2572959982438913e-09
1200,0.12000000000000001,3.2930208113381863e-09
1201,0.12010000000000001,3.3291075696244646e-09
1202,0.1202,3.365559639740357e-09
1203,0.1203,3.402380432139234e-09
1204,0.12040000000000001,3.4395733625241975e-09
1205,0.12050000000000001,3.477141869444515e-09
1206,0.1206,3.51508944960541e-09
1207,0.1207,3.5534195522309998e-09
1208,0.1208,3.592135843653858e-09
1209,0.12090000000000001,3.6312417876429983e-09
1210,0.12100000000000001,3.6707410194303928e-09
1211,0.1211,3.710637190634366e-09
1212,0.1212,3.750933891350068e-09
1213,0.1213,3.791634890957544e-09
1214,0.12140000000000001,3.832743862038959e-09
1215,0.12150000000000001,3.8742645859236455e-09
1216,0.1216,3.916200803814092e-09
1217,0.1217,3.958556430018477e-09
1218,0.1218,4.001335168120419e-09
1219,0.12190000000000001,4.044541051668865e-09
1220,0.12200000000000001,4.08817786779258e-09
1221,0.1221,4.1322496094080375e-09
1222,0.1222,4.176760293856309e-09
1223,0.1223,4.221713884315398e-09
1224,0.12240000000000001,4.267114468424515e-09
1225,0.12250000000000001,4.312966086879603e-09
1226,0.1226,4.359272837123695e-09
1227,0.1227,4.406038898642513e-09
1228,0.1228,4.453268439931369e-09
1229,0.12290000000000001,4.5009657082165115e-09
1230,0.12300000000000001,4.549134893111996e-09
1231,0.1231,4.597780324243426e-09
1232,0.1232,4.646906320526604e-09
1233,0.1233,4.696517269369017e-09
1234,0.12340000000000001,4.746617475410666e-09
1235,0.12350000000000001,4.797211445326147e-09
1236,0.1236,4.8483036104119e-09
1237,0.1237,4.8998984564023e-09
1238,0.12380000000000001,4.952000588781064e-09
1239,0.12390000000000001,5.00461451592421e-09
1240,0.124,5.057744873381513e-09
1241,0.1241,5.111396348168e-09
1242,0.1242,5.165573588165693e-09
1243,0.12430000000000001,5.220281372683337e-09
1244,0.12440000000000001,5.27552437658526e-09
1245,0.1245,5.331307493706236e-09
1246,0.1246,5.3876355353941705e-09
1247,0.1247,5.444513372284158e-09
1248,0.12480000000000001,5.501945989206966e-09
1249,0.12490000000000001,5.559938288453877e-09
1250,0.125,5.618495286698918e-09
1251,0.12510000000000002,5.6776220642147364e-09
1252,0.1252,5.737323713842932e-09
1253,0.1253,5.7976052897188745e-09
1254,0.1254,5.858472015996987e-09
1255,0.1255,5.919929133408079e-09
1256,0.12560000000000002,5.981981902945252e-09
1257,0.1257,6.044635532409007e-09
1258,0.1258,6.1078954004490356e-09
1259,0.1259,6.1717669210307585e-09
1260,0.126,6.236255554571925e-09
1261,0.12610000000000002,6.301366679067739e-09
1262,0.1262,6.367105888505347e-09
1263,0.1263,6.433478702019913e-09
1264,0.1264,6.500490685467859e-09
1265,0.1265,6.568147603159581e-09
1266,0.12660000000000002,6.636455052239442e-09
1267,0.1267,6.705418813796024e-09
1268,0.1268,6.775044690454653e-09
1269,0.1269,6.845338476732362e-09
1270,0.127,6.916306062891935e-09
1271,0.12710000000000002,6.9879533981121765e-09
1272,0.1272,7.060286431174459e-09
1273,0.1273,7.133311207149604e-09
1274,0.1274,7.207033815584846e-09
1275,0.1275,7.281460327264817e-09
1276,0.12760000000000002,7.356596917161534e-09
1277,0.1277,7.432449842389163e-09
1278,0.1278,7.509025322928242e-09
1279,0.1279,7.58632975451626e-09
1280,0.128,7.664369428668476e-09
1281,0.12810000000000002,7.74315077933787e-09
1282,0.1282,7.822680300971877e-09
1283,0.1283,7.902964443682047e-09
1284,0.12840000000000001,7.984009913260376e-09
1285,0.1285,8.065823195096314e-09
1286,0.12860000000000002,8.148411068235331e-09
1287,0.1287,8.231780215223232e-09
1288,0.1288,8.315937398614204e-09
1289,0.12890000000000001,8.400889502664456e-09
1290,0.129,8.486643435704122e-09
1291,0.1291,8.573206047147574e-09
1292,0.1292,8.66058445198107e-09
1293,0.1293,8.748785589533565e-09
1294,0.12940000000000002,8.8378166577024e-09
1295,0.1295,8.927684811066271e-09
1296,0.1296,9.018397266721076e-09
1297,0.1297,9.109961281708535e-09
1298,0.1298,9.202384210014621e-09
1299,0.12990000000000002,9.29567345351585e-09
1300,0.13,9.389836473495865e-09
1301,0.1301,9.484880741369599e-09
1302,0.1302,9.580813871854968e-09
1303,0.1303,9.677643444447951e-09
1304,0.13040000000000002,9.775377155681487e-09
1305,0.1305,9.87402283476349e-09
1306,0.1306,9.973588176794993e-09
1307,0.1307,1.0074081154784016e-08
1308,0.1308,1.0175509661251133e-08
1309,0.13090000000000002,1.0277881653245189e-08
1310,0.131,1.038120517932254e-08
1311,0.1311,1.0485488460297775e-08
1312,0.1312,1.0590739575360652e-08
1313,0.1313,1.06969667915212e-08
1314,0.13140000000000002,1.0804178391415995e-08
1315,0.1315,1.091238285394934e-08
1316,0.1316,1.1021588558772495e-08
1317,0.1317,1.1131803905167775e-08
1318,0.1318,1.124303765106939e-08
1319,0.13190000000000002,1.1355298301335818e-08
1320,0.132,1.1468594542706294e-08
1321,0.1321,1.1582935252137218e-08
1322,0.1322,1.169832921922271e-08
1323,0.1323,1.1814785296603229e-08
1324,0.13240000000000002,1.1932312493007507e-08
1325,0.1325,1.2050919884685744e-08
1326,0.1326,1.217061656519838e-08
1327,0.1327,1.2291411657037928e-08
1328,0.1328,1.2413314466927798e-08
1329,0.13290000000000002,1.2536334381550239e-08
1330,0.133,1.2660480657835944e-08
1331,0.1331,1.2785762823116457e-08
1332,0.1332,1.2912190465814238e-08
1333,0.1333,1.3039773114801808e-08
1334,0.13340000000000002,1.316852049644718e-08
1335,0.1335,1.3298442359672491e-08
1336,0.1336,1.342954860872823e-08
1337,0.1337,3.5163798155413164e-09
1338,0.1338,3.553651502250309e-09
1339,0.13390000000000002,3.5912902458924796e-09
1340,0.134,3.629299408437361e-09
1341,0.1341,3.6676824264172138e-09
1342,0.1342,3.706442607197154e-09
1343,0.1343,3.745583446435858e-09
1344,0.13440000000000002,3.785108353762426e-09
1345,0.1345,3.825020770368501e-09
1346,0.1346,3.8653243500761455e-09
1347,0.13470000000000001,3.906022444314797e-09
1348,0.1348,3.947118829903319e-09
1349,0.13490000000000002,3.988616933804346e-09
1350,0.135,4.0305204355390565e-09
1351,0.1351,4.072833019308384e-09
1352,0.13520000000000001,4.1155583739784e-09
1353,0.1353,4.158700260297519e-09
1354,0.13540000000000002,4.202262325116747e-09
1355,0.1355,4.2462484019467044e-09
1356,0.1356,4.290662333254116e-09
1357,0.13570000000000002,4.3355079109642205e-09
1358,0.1358,4.380789058835252e-09
1359,0.1359,4.426509650183348e-09
1360,0.136,4.472673611020454e-09
1361,0.1361,4.519285007735422e-09
1362,0.13620000000000002,4.566347741030068e-09
1363,0.1363,4.613865887903806e-09
1364,0.1364,4.6618435467758075e-09
1365,0.1365,4.710284757731074e-09
1366,0.1366,4.759193745833498e-09
1367,0.13670000000000002,4.808574630080288e-09
1368,0.1368,4.8584315989190675e-09
1369,0.1369,4.908768914468699e-09
1370,0.137,4.9595909047441105e-09
1371,0.1371,5.0109017795192515e-09
1372,0.13720000000000002,5.062705946677088e-09
1373,0.1373,5.115007812232839e-09
1374,0.1374,5.16781176020916e-09
1375,0.1375,5.221122204767766e-09
1376,0.1376,5.274943727031948e-09
1377,0.13770000000000002,5.32928078585906e-09
1378,0.1378,5.384137995282513e-09
1379,0.1379,5.439519867065999e-09
1380,0.138,5.495431100723137e-09
1381,0.1381,5.551876386364322e-09
1382,0.13820000000000002,5.608860400584083e-09
1383,0.1383,5.666387903393459e-09
1384,0.1384,5.724463661619983e-09
1385,0.1385,5.783092570343537e-09
1386,0.1386,5.842279430500215e-09
1387,0.13870000000000002,5.902029203916642e-09
1388,0.1388,5.962346770423628e-09
1389,0.1389,6.0232371345821275e-09
1390,0.139,6.0847053692109686e-09
1391,0.1391,6.146756497680722e-09
1392,0.13920000000000002,6.2093956686533306e-09
1393,0.1393,6.272627993621991e-09
1394,0.1394,6.336458652676842e-09
1395,0.1395,6.4008929028647336e-09
1396,0.1396,6.4659360580205576e-09
1397,0.13970000000000002,6.5315933378412734e-09
1398,0.1398,6.597870088168735e-09
1399,0.1399,6.664771846827244e-09
1400,0.14,6.732303988245719e-09
1401,0.1401,6.800471948060689e-09
1402,0.14020000000000002,6.869281374919175e-09
1403,0.1403,6.938737733401386e-09
1404,0.1404,7.008846623422327e-09
1405,0.1405,7.079613891554111e-09
1406,0.1406,7.151045064715942e-09
1407,0.14070000000000002,7.223145945325338e-09
1408,0.1408,7.2959223241429955e-09
1409,0.1409,7.369380153162169e-09
1410,0.14100000000000001,7.443525183449468e-09
1411,0.1411,7.518363467555247e-09
1412,0.14120000000000002,7.593900890027843e-09
1413,0.1413,7.67014360044082e-09
1414,0.1414,7.747097625771551e-09
1415,0.14150000000000001,7.824769080856924e-09
1416,0.1416,7.903164152100567e-09
1417,0.14170000000000002,7.982289097677465e-09
1418,0.1418,8.062150131683924e-09
1419,0.1419,8.142753656205945e-09
1420,0.14200000000000002,8.22410603779769e-09
1421,0.1421,8.306213657149052e-09
1422,0.1422,8.389083021311159e-09
1423,0.1423,8.472720664264824e-09
1424,0.1424,8.557133117827962e-09
1425,0.14250000000000002,8.642327132356418e-09
1426,0.1426,8.728309273145426e-09
1427,0.1427,8.81508631598408e-09
1428,0.1428,8.902665110098945e-09
1429,0.1429,8.991052382041501e-09
1430,0.14300000000000002,9.08025514065464e-09
1431,0.1431,9.170280276458493e-09
1432,0.1432,9.261134762097842e-09
1433,0.1433,9.352825757292291e-09
1434,0.1434,9.445360269917762e-09
1435,0.14350000000000002,9.538745558093895e-09
1436,0.1436,9.632988786813805e-09
1437,0.1437,9.728097241781734e-09
1438,0.1438,9.824078350794773e-09
1439,0.1439,9.920939389747898e-09
1440,0.14400000000000002,1.0018687886124373e-08
1441,0.1441,1.0117331316547487e-08
1442,0.1442,1.021687724985538e-08
1443,0.1443,1.0317333381107188e-08
1444,0.1444,1.0418707312481073e-08
1445,0.14450000000000002,1.0521006840107875e-08
1446,0.1446,1.062423976871221e-08
1447,0.1447,1.0728413953879006e-08
1448,0.1448,1.0833537340262921e-08
1449,0.1449,1.093961794065968e-08
1450,0.14500000000000002,1.1046663692077744e-08
1451,0.1451,1.1154682811683275e-08
1452,0.1452,1.1263683530322243e-08
1453,0.1453,1.1373673969339532e-08
1454,0.1454,1.1484662395142678e-08
1455,0.14550000000000002,1.1596657355735044e-08
1456,0.1456,1.1709667196451327e-08
1457,0.1457,1.1823700314725912e-08
1458,0.1458,1.1938765420175266e-08
1459,0.1459,1.2054871066494665e-08
1460,0.14600000000000002,1.2172026000800125e-08
1461,0.1461,1.2290238869563267e-08
1462,0.1462,1.2409518598536562e-08
1463,0.1463,1.2529874115682494e-08
1464,0.1464,1.2651314252691957e-08
1465,0.14650000000000002,1.277384817709086e-08
1466,0.1466,1.2897484870537825e-08
1467,0.1467,1.3022233616958806e-08
1468,0.1468,1.3148103625907278e-08
1469,0.1469,1.3275104083769287e-08
1470,0.14700000000000002,1.3403244570407403e-08
1471,0.1471,1.3532534363876283e-08
1472,0.1472,1.3662983089026858e-08
1473,0.14730000000000001,1.3794600322504271e-08
1474,0.1474,1.3927395777779398e-08
1475,0.14750000000000002,4.02221616963015e-09
1476,0.1476,4.063637432454503e-09
1477,0.1477,4.105457056134934e-09
1478,0.14780000000000001,4.147678603269713e-09
1479,0.1479,4.190305652843454e-09
1480,0.14800000000000002,4.233341782952215e-09
1481,0.1481,4.27679065302444e-09
1482,0.1482,4.3206559780781395e-09
1483,0.14830000000000002,4.36494136849396e-09
1484,0.1484,4.409650772083199e-09
1485,0.14850000000000002,4.454787724266353e-09
1486,0.1486,4.500356180621188e-09
1487,0.1487,4.546359853257518e-09
1488,0.14880000000000002,4.592802757996126e-09
1489,0.1489,4.639688627796626e-09
1490,0.149,4.687021565067781e-09
1491,0.1491,4.734805367361643e-09
1492,0.1492,4.783044110709945e-09
1493,0.14930000000000002,4.8317417926795635e-09
1494,0.1494,4.8809024281532455e-09
1495,0.1495,4.9305301848250735e-09
1496,0.1496,4.980629221889098e-09
1497,0.1497,5.031203571836323e-09
1498,0.14980000000000002,5.082257494672091e-09
1499,0.1499,5.1337951763184576e-09
1500,0.15,5.185820943176706e-09
1501,0.1501,5.238339073906874e-09
1502,0.1502,5.2913538475315e-09
1503,0.15030000000000002,5.3448696839907934e-09
1504,0.1504,5.398890951148923e-09
1505,0.1505,5.453422087764448e-09
1506,0.1506,5.5084675376644505e-09
1507,0.1507,5.564031899498378e-09
1508,0.15080000000000002,5.620119640708309e-09
1509,0.1509,5.676735299958078e-09
1510,0.151,5.733883615335887e-09
1511,0.1511,5.791569171651024e-09
1512,0.1512,5.849796660647704e-09
1513,0.15130000000000002,5.908570854791657e-09
1514,0.1514,5.967896483592321e-09
1515,0.1515,6.027778401704339e-09
1516,0.1516,6.088221367744462e-09
1517,0.1517,6.1492303188602415e-09
1518,0.15180000000000002,6.210810211549525e-09
1519,0.1519,6.2729659595292555e-09
1520,0.152,6.3357025313050745e-09
1521,0.1521,6.399025132598417e-09
1522,0.1522,6.462938677684715e-09
1523,0.15230000000000002,6.527448331509749e-09
1524,0.1524,6.592559363475542e-09
1525,0.1525,6.6582768089720705e-09
1526,0.1526,6.724606043976855e-09
1527,0.1527,6.791552330868177e-09
1528,0.15280000000000002,6.859120983270361e-09
1529,0.1529,6.927317410877902e-09
1530,0.153,6.9961470347616845e-09
1531,0.1531,7.0656152918440695e-09
1532,0.1532,7.1357276841718454e-09
1533,0.15330000000000002,7.2064897835725685e-09
1534,0.1534,7.277907128715401e-09
1535,0.1535,7.349985399950134e-09
1536,0.15360000000000001,7.4227303434057374e-09
1537,0.1537,7.496147582474667e-09
1538,0.15380000000000002,7.570242914081895e-09
1539,0.1539,7.645022237235187e-09
1540,0.154,7.720491292235408e-09
1541,0.15410000000000001,7.796656088033163e-09
1542,0.1542,7.87352258304638e-09
1543,0.15430000000000002,7.951096689465917e-09
1544,0.1544,8.029384575443622e-09
1545,0.1545,8.108392300083244e-09
1546,0.15460000000000002,8.188125957652271e-09
1547,0.1547,8.268591813311245e-09
1548,0.15480000000000002,8.349796109059006e-09
1549,0.1549,8.431745145114714e-09
1550,0.155,8.514445198512449e-09
1551,0.15510000000000002,8.597902794998274e-09
1552,0.1552,8.682124296969655e-09
1553,0.1553,8.76711611625788e-09
1554,0.1554,8.852884991327466e-09
1555,0.1555,8.93943735649361e-09
1556,0.15560000000000002,9.026779964000072e-09
1557,0.1557,9.114919507256655e-09
1558,0.1558,9.203862666145668e-09
1559,0.1559,9.29361630744006e-09
1560,0.156,9.384187357682328e-09
1561,0.15610000000000002,9.475582556939648e-09
1562,0.1562,9.567809060835824e-09
1563,0.1563,9.660873783952844e-09
1564,0.1564,9.754783837882775e-09
1565,0.1565,9.849546371705235e-09
1566,0.15660000000000002,9.945168594947551e-09
1567,0.1567,1.0041657672383182e-08
1568,0.1568,1.0139020925505107e-08
1569,0.1569,1.0237265814634148e-08
1570,0.157,1.0336399613487195e-08
1571,0.15710000000000002,1.0436429899881046e-08
1572,0.1572,1.053736417067734e-08
1573,0.1573,1.063921002998846e-08
1574,0.1574,1.0741975079050716e-08
1575,0.1575,1.0845667091107204e-08
1576,0.15760000000000002,1.0950293827639054e-08
1577,0.1577,1.1055863029058601e-08
1578,0.1578,1.1162382691341755e-08
1579,0.1579,1.1269860789863325e-08
1580,0.158,1.1378305159203398e-08
1581,0.15810000000000002,1.148772405644382e-08
1582,0.1582,1.1598125575183431e-08
1583,0.1583,1.1709517862441934e-08
1584,0.1584,1.1821909178967157e-08
1585,0.1585,1.1935307913440811e-08
1586,0.15860000000000002,1.2049722420573745e-08
1587,0.1587,1.2165161127637458e-08
1588,0.1588,1.2281632557848074e-08
1589,0.1589,1.2399145400284433e-08
1590,0.159,1.2517708175731133e-08
1591,0.15910000000000002,1.2637329626734861e-08
1592,0.1592,1.27580185926054e-08
1593,0.1593,1.2879783897912063e-08
1594,0.15940000000000001,1.3002634440907282e-08
1595,0.1595,1.3126579258972487e-08
1596,0.15960000000000002,1.3251627314403404e-08
1597,0.1597,1.3377787816211495e-08
1598,0.1598,1.3505069945254155e-08
1599,0.15990000000000001,1.3633483041043422e-08
1600,0.16,1.3763036242071242e-08
1601,0.16010000000000002,1.38937391309236e-08
1602,0.1602,1.4025601094088724e-08
1603,0.1603,1.4158631752356648e-08
1604,0.16040000000000001,1.4292840670805363e-08
1605,0.1605,1.4428237564988957e-08
1606,0.16060000000000002,4.536244926053061e-09
1607,0.1607,4.582014976736336e-09
1608,0.1608,4.6282181275994215e-09
1609,0.16090000000000002,4.67485828505814e-09
1610,0.161,4.721939203474116e-09
1611,0.16110000000000002,4.769464861373546e-09
1612,0.1612,4.817439047475017e-09
1613,0.1613,4.865865892847173e-09
1614,0.16140000000000002,4.9147492633611515e-09
1615,0.1615,4.964093174259045e-09
1616,0.16160000000000002,5.013901781145243e-09
1617,0.1617,5.06417904481528e-09
1618,0.1618,5.114929208297501e-09
1619,0.16190000000000002,5.1661563244677386e-09
1620,0.162,5.2178645726974164e-09
1621,0.1621,5.2700582450044195e-09
1622,0.1622,5.3227415282840566e-09
1623,0.1623,5.375918793343641e-09
1624,0.16240000000000002,5.42959433910823e-09
1625,0.1625,5.483772463620177e-09
1626,0.1626,5.538457625604803e-09
1627,0.1627,5.593654216663805e-09
1628,0.1628,5.649366779938714e-09
1629,0.16290000000000002,5.705599658193914e-09
1630,0.163,5.762357545853598e-09
1631,0.1631,5.819645022848279e-09
1632,0.1632,5.877466516072153e-09
1633,0.1633,5.935826900315947e-09
1634,0.16340000000000002,5.994730764080551e-09
1635,0.1635,6.054182795777827e-09
1636,0.1636,6.11418781748244e-09
1637,0.1637,6.174750660903309e-09
1638,0.1638,6.235876109929195e-09
1639,0.16390000000000002,6.2975690154322904e-09
1640,0.164,6.3598343865241456e-09
1641,0.1641,6.4226770888206634e-09
1642,0.1642,6.486102237538264e-09
1643,0.1643,6.550114708371459e-09
1644,0.16440000000000002,6.614719771046354e-09
1645,0.1645,6.679922407707249e-09
1646,0.1646,6.745727826814386e-09
1647,0.1647,6.812141247163786e-09
1648,0.1648,6.879167893070153e-09
1649,0.16490000000000002,6.946813085932644e-09
1650,0.165,7.015082133570245e-09
1651,0.1651,7.083980373581499e-09
1652,0.1652,7.153513212033271e-09
1653,0.1653,7.223686229933802e-09
1654,0.16540000000000002,7.2945047727856365e-09
1655,0.1655,7.365974583560365e-09
1656,0.1656,7.438101039071812e-09
1657,0.16570000000000001,7.51088982691265e-09
1658,0.1658,7.584346767046418e-09
1659,0.16590000000000002,7.658477438780644e-09
1660,0.166,7.733287684632868e-09
1661,0.1661,7.808783242103317e-09
1662,0.16620000000000001,7.884970054237382e-09
1663,0.1663,7.961854017441206e-09
1664,0.16640000000000002,8.039441107766827e-09
1665,0.1665,8.117737303248152e-09
1666,0.1666,8.19674861309001e-09
1667,0.16670000000000001,8.276481184924576e-09
1668,0.1668,8.35694111016904e-09
1669,0.16690000000000002,8.43813470677289e-09
1670,0.167,8.52006818792553e-09
1671,0.1671,8.602747730086096e-09
1672,0.16720000000000002,8.686179770959515e-09
1673,0.1673,8.770370682600321e-09
1674,0.16740000000000002,8.855326991368116e-09
1675,0.1675,8.94105502583808e-09
1676,0.1676,9.027561474651835e-09
1677,0.16770000000000002,9.114852912074291e-09
1678,0.1678,9.202935974185975e-09
1679,0.16790000000000002,9.291817413014017e-09
1680,0.168,9.381503816932958e-09
1681,0.1681,9.472002248900939e-09
1682,0.16820000000000002,9.563319328451873e-09
1683,0.1683,9.655462140425683e-09
1684,0.16840000000000002,9.748437635789205e-09
1685,0.1685,9.842252769104676e-09
1686,0.1686,9.936914656202e-09
1687,0.16870000000000002,1.0032430431615468e-08
1688,0.1688,1.0128807312740582e-08
1689,0.1689,1.0226052535858465e-08
1690,0.169,1.0324173346270737e-08
1691,0.1691,1.0423177215767507e-08
1692,0.16920000000000002,1.0523071506947583e-08
1693,0.1693,1.0623863715336083e-08
1694,0.1694,1.0725561291479206e-08
1695,0.1695,1.0828171997491305e-08
1696,0.1696,1.0931703387404626e-08
1697,0.16970000000000002,1.1036163153734357e-08
1698,0.1698,1.1141559117917505e-08
1699,0.1699,1.1247899091596282e-08
1700,0.17,1.1355190961019606e-08
1701,0.1701,1.1463442736938652e-08
1702,0.17020000000000002,1.1572662341006e-08
1703,0.1703,1.1682858023609153e-08
1704,0.1704,1.1794037742193108e-08
1705,0.1705,1.1906209848106007e-08
1706,0.1706,1.2019382559126923e-08
1707,0.17070000000000002,1.2133564173578276e-08
1708,0.1708,1.2248763085493254e-08
1709,0.1709,1.2364987794840447e-08
1710,0.171,1.2482246927780245e-08
1711,0.1711,1.2600548931910295e-08
1712,0.17120000000000002,1.2719902501049955e-08
1713,0.1713,1.2840316385643056e-08
1714,0.1714,1.2961799387864826e-08
1715,0.1715,1.3084360386788882e-08
1716,0.1716,1.3208008338562604e-08
1717,0.17170000000000002,1.3332752166169269e-08
1718,0.1718,1.3458600935041665e-08
1719,0.1719,1.358556389864916e-08
1720,0.17200000000000001,1.371365015712094e-08
1721,0.1721,1.3842869064217735e-08
1722,0.17220000000000002,1.3973229915947949e-08
1723,0.1723,1.4104742176982929e-08
1724,0.1724,1.4237415390389042e-08
1725,0.17250000000000001,1.437125898115844e-08
1726,0.1726,1.4506282765368745e-08
1727,0.17270000000000002,1.4642496355598817e-08
1728,0.1728,1.4779909503749456e-08
1729,0.1729,1.491853224290229e-08
1730,0.17300000000000001,5.0520735022803705e-09
1731,0.1731,5.1023505544188816e-09
1732,0.17320000000000002,5.153098632779081e-09
1733,0.1733,5.204321908094735e-09
1734,0.1734,5.256024599609688e-09
1735,0.17350000000000002,5.308210883909628e-09
1736,0.1736,5.36088501655962e-09
1737,0.17370000000000002,5.414051174914188e-09
1738,0.1738,5.467713782999488e-09
1739,0.1739,5.521877120802349e-09
1740,0.17400000000000002,5.576545690024707e-09
1741,0.1741,5.631723787226862e-09
1742,0.17420000000000002,5.6874158749193165e-09
1743,0.1743,5.743626469930643e-09
1744,0.1744,5.800360128245919e-09
1745,0.17450000000000002,5.857621394088131e-09
1746,0.1746,5.915414840688123e-09
1747,0.17470000000000002,5.973745177579002e-09
1748,0.1748,6.032616980163497e-09
1749,0.1749,6.092035077841025e-09
1750,0.17500000000000002,6.152004125028841e-09
1751,0.1751,6.212529040798126e-09
1752,0.1752,6.273614497495898e-09
1753,0.1753,6.3352654324154045e-09
1754,0.1754,6.397486781926281e-09
1755,0.17550000000000002,6.460283563523049e-09
1756,0.1756,6.523660568062883e-09
1757,0.1757,6.587622995920569e-09
1758,0.1758,6.652175892879558e-09
1759,0.1759,6.717324303910759e-09
1760,0.17600000000000002,6.783073386321722e-09
1761,0.1761,6.8494284306385125e-09
1762,0.1762,6.916394608590869e-09
1763,0.1763,6.983977163416758e-09
1764,0.1764,7.052181497692563e-09
1765,0.17650000000000002,7.12101296223432e-09
1766,0.1766,7.190476907542454e-09
1767,0.1767,7.260578849050416e-09
1768,0.1768,7.331324235009597e-09
1769,0.1769,7.402718668613616e-09
1770,0.17700000000000002,7.474767634201312e-09
1771,0.1771,7.547476833372027e-09
1772,0.1772,7.620851983567826e-09
1773,0.1773,7.694898667796412e-09
1774,0.1774,7.76962278016587e-09
1775,0.17750000000000002,7.845030064972052e-09
1776,0.1776,7.921126438102443e-09
1777,0.1777,7.997917758946016e-09
1778,0.1778,8.075410032889632e-09
1779,0.1779,8.153609120497479e-09
1780,0.17800000000000002,8.232521236554161e-09
1781,0.1781,8.312152404414452e-09
1782,0.1782,8.39250885130048e-09
1783,0.17830000000000001,8.473596638811672e-09
1784,0.1784,8.55542200137845e-09
1785,0.17850000000000002,8.63799142497851e-09
1786,0.1786,8.721311083998273e-09
1787,0.1787,8.805387477580803e-09
1788,0.17880000000000001,8.890226965360512e-09
1789,0.1789,8.97583606510598e-09
1790,0.17900000000000002,9.062221322325133e-09
1791,0.1791,9.149389373130098e-09
1792,0.1792,9.237346902552372e-09
1793,0.17930000000000001,9.326100586994869e-09
1794,0.1794,9.415657073198047e-09
1795,0.17950000000000002,9.506023355891001e-09
1796,0.1796,9.597206185510609e-09
1797,0.1797,9.689212513958453e-09
1798,0.17980000000000002,9.782049347971625e-09
1799,0.1799,9.87572364407027e-09
1800,0.18000000000000002,9.97024261354298e-09
1801,0.1801,1.0065613312502454e-08
1802,0.1802,1.0161842894245293e-08
1803,0.18030000000000002,1.0258938751780197e-08
1804,0.1804,1.035690805969804e-08
1805,0.18050000000000002,1.0455758258921538e-08
1806,0.1806,1.0555496851528454e-08
1807,0.1807,1.0656131210736402e-08
1808,0.18080000000000002,1.0757668892310097e-08
1809,0.1809,1.0860117582152004e-08
1810,0.18100000000000002,1.0963484879708364e-08
1811,0.1811,1.1067778514726871e-08
1812,0.1812,1.117300631050294e-08
1813,0.18130000000000002,1.1279176125805606e-08
1814,0.1814,1.1386295823122109e-08
1815,0.18150000000000002,1.1494373417175327e-08
1816,0.1816,1.1603416894826283e-08
1817,0.1817,1.1713434384911943e-08
1818,0.18180000000000002,1.1824434126711904e-08
1819,0.1819,1.1936424204364987e-08
1820,0.182,1.204941296135009e-08
1821,0.1821,1.2163408756310784e-08
1822,0.1822,1.2278420026963698e-08
1823,0.18230000000000002,1.2394455322245646e-08
1824,0.1824,1.2511523051994067e-08
1825,0.1825,1.2629631939952995e-08
1826,0.1826,1.2748790650974114e-08
1827,0.1827,1.2869007865576555e-08
1828,0.18280000000000002,1.2990292536422273e-08
1829,0.1829,1.3112653439940128e-08
1830,0.183,1.3236099635820893e-08
1831,0.1831,1.3360640018179495e-08
1832,0.1832,1.34862838291313e-08
1833,0.18330000000000002,1.3613040252501495e-08
1834,0.1834,1.374091838145581e-08
1835,0.1835,1.3869927588303406e-08
1836,0.1836,1.4000077337381294e-08
1837,0.1837,1.413137694899895e-08
1838,0.18380000000000002,1.4263836152364065e-08
1839,0.1839,1.4397464387848628e-08
1840,0.184,1.4532271343987279e-08
1841,0.1841,1.4668266866624697e-08
1842,0.1842,1.4805460787002497e-08
1843,0.18430000000000002,1.4943862900123236e-08
1844,0.1844,1.5083483293394573e-08
1845,0.1845,1.522433198065552e-08
1846,0.18460000000000001,1.536641907459523e-08
1847,0.1847,1.5509754857156294e-08
1848,0.18480000000000002,5.610253231319521e-09
1849,0.1849,5.665592547286888e-09
1850,0.185,5.721447614215578e-09
1851,0.18510000000000001,5.777822936990656e-09
1852,0.1852,5.8347230719302745e-09
1853,0.18530000000000002,5.892152621486266e-09
1854,0.1854,5.950116250604156e-09
1855,0.1855,6.008618654336379e-09
1856,0.18560000000000001,6.067664351747688e-09
1857,0.1857,6.1272583747746314e-09
1858,0.18580000000000002,6.187405340896407e-09
1859,0.1859,6.248110223601441e-09
1860,0.186,6.309377722657206e-09
1861,0.18610000000000002,6.371212845397601e-09
1862,0.1862,6.433620553756612e-09
1863,0.18630000000000002,6.49660576412216e-09
1864,0.1864,6.560173646855468e-09
1865,0.1865,6.624329130872528e-09
1866,0.18660000000000002,6.689077459311427e-09
1867,0.1867,6.754423682828118e-09
1868,0.18680000000000002,6.820373074027528e-09
1869,0.1869,6.886930849416505e-09
1870,0.187,6.954102284014491e-09
1871,0.18710000000000002,7.021892788050002e-09
1872,0.1872,7.090307584457743e-09
1873,0.18730000000000002,7.159352255829572e-09
1874,0.1874,7.229032126370432e-09
1875,0.1875,7.299352787321458e-09
1876,0.18760000000000002,7.37031968089784e-09
1877,0.1877,7.441938577187262e-09
1878,0.18780000000000002,7.514214916271267e-09
1879,0.1879,7.587154587226995e-09
1880,0.188,7.660763143478215e-09
1881,0.18810000000000002,7.73504646715133e-09
1882,0.1882,7.810010313333582e-09
1883,0.1883,7.885660656459735e-09
1884,0.1884,7.962003349438156e-09
1885,0.1885,8.039044332674254e-09
1886,0.18860000000000002,8.116789694915546e-09
1887,0.1887,8.195245397832393e-09
1888,0.1888,8.274417728179146e-09
1889,0.1889,8.354312674693268e-09
1890,0.189,8.434936529443284e-09
1891,0.18910000000000002,8.516295545905493e-09
1892,0.1892,8.598396060499203e-09
1893,0.1893,8.681244409778283e-09
1894,0.1894,8.764847035588839e-09
1895,0.1895,8.84921030806722e-09
1896,0.18960000000000002,8.9343409410708e-09
1897,0.1897,9.020245305484394e-09
1898,0.1898,9.10693013840924e-09
1899,0.1899,9.194402177747561e-09
1900,0.19,9.282667951133056e-09
1901,0.19010000000000002,9.37173443102689e-09
1902,0.1902,9.461608429867995e-09
1903,0.1903,9.552296716431692e-09
1904,0.1904,9.643806416391225e-09
1905,0.1905,9.73614444525653e-09
1906,0.19060000000000002,9.829317842063465e-09
1907,0.1907,9.923333713924573e-09
1908,0.1908,1.0018199392333382e-08
1909,0.19090000000000001,1.0113921920359829e-08
1910,0.191,1.0210508716228809e-08
1911,0.19110000000000002,1.0307967032443163e-08
1912,0.1912,1.0406304312997161e-08
1913,0.1913,1.0505528149110668e-08
1914,0.19140000000000001,1.060564586557843e-08
1915,0.1915,1.0706665225329042e-08
1916,0.19160000000000002,1.0808593758480444e-08
1917,0.1917,1.0911439181950617e-08
1918,0.1918,1.1015209282178212e-08
1919,0.19190000000000002,1.1119911971361005e-08
1920,0.192,1.1225555063262093e-08
1921,0.19210000000000002,1.1332146491905542e-08
1922,0.1922,1.1439694362416058e-08
1923,0.1923,1.1548206631035697e-08
1924,0.19240000000000002,1.1657691593974489e-08
1925,0.1925,1.1768157319954594e-08
1926,0.19260000000000002,1.187961229699628e-08
1927,0.1927,1.1992064616741229e-08
1928,0.1928,1.2105522891978111e-08
1929,0.19290000000000002,1.2219995400912089e-08
1930,0.193,1.233549087041085e-08
1931,0.19310000000000002,1.2452017861900668e-08
1932,0.1932,1.2569584962904506e-08
1933,0.1933,1.2688201007427141e-08
1934,0.19340000000000002,1.280787487304371e-08
1935,0.1935,1.292861526038888e-08
1936,0.19360000000000002,1.3050431224598477e-08
1937,0.1937,1.3173331932727105e-08
1938,0.1938,1.3297326216480061e-08
1939,0.19390000000000002,1.3422423438463704e-08
1940,0.194,1.3548632796030066e-08
1941,0.19410000000000002,1.3675963508035874e-08
1942,0.1942,1.3804425075974242e-08
1943,0.1943,1.3934026989333742e-08
1944,0.19440000000000002,1.406477869711382e-08
1945,0.1945,1.4196689812346827e-08
1946,0.19460000000000002,1.4329770049908357e-08
1947,0.1947,1.4464029164134692e-08
1948,0.1948,1.4599476971657208e-08
1949,0.19490000000000002,1.4736123505336177e-08
1950,0.195,1.4873978553084994e-08
1951,0.1951,1.5013052341529806e-08
1952,0.1952,1.515335503499042e-08
1953,0.1953,1.529489678665316e-08
1954,0.19540000000000002,1.5437687892709297e-08
1955,0.1955,1.5581738809819904e-08
1956,0.1956,1.572705993250342e-08
1957,0.1957,1.587366194186955e-08
1958,0.1958,1.6021555331278364e-08
1959,0.19590000000000002,6.143418407476611e-09
1960,0.196,6.203763170881009e-09
1961,0.1961,6.2646697517411796e-09
1962,0.1962,6.326143158343728e-09
1963,0.1963,6.388188304334562e-09
1964,0.19640000000000002,6.450810284012464e-09
1965,0.1965,6.5140141085579635e-09
1966,0.1966,6.577804918424049e-09
1967,0.1967,6.642187805407585e-09
1968,0.1968,6.7071680023341795e-09
1969,0.19690000000000002,6.772750814329797e-09
1970,0.197,6.838941394407765e-09
1971,0.1971,6.905745238524864e-09
1972,0.19720000000000001,6.973167512023734e-09
1973,0.1973,7.041213821558045e-09
1974,0.19740000000000002,7.109889506479419e-09
1975,0.1975,7.179200117287974e-09
1976,0.1976,7.2491511908861285e-09
1977,0.19770000000000001,7.319748285192695e-09
1978,0.1978,7.390997129495948e-09
1979,0.19790000000000002,7.462903300924764e-09
1980,0.198,7.535472634954146e-09
1981,0.1981,7.60871089597775e-09
1982,0.19820000000000002,7.682623846623814e-09
1983,0.1983,7.757217369448249e-09
1984,0.19840000000000002,7.832497507806871e-09
1985,0.1985,7.908470152919492e-09
1986,0.1986,7.985141275663475e-09
1987,0.19870000000000002,8.06251696740508e-09
1988,0.1988,8.140603399600716e-09
1989,0.19890000000000002,8.219406754206282e-09
1990,0.199,8.298933235310677e-09
1991,0.1991,8.379189133181565e-09
1992,0.19920000000000002,8.460180655599763e-09
1993,0.1993,8.5419143121104e-09
1994,0.19940000000000002,8.624396565046473e-09
1995,0.1995,8.707633771068916e-09
1996,0.1996,8.791632449252096e-09
1997,0.19970000000000002,8.876399293138243e-09
1998,0.1998,8.961940931700706e-09
1999,0.19990000000000002,9.048264005113843e-09
2000,0.2,9.13537524075092e-09
2001,0.2001,9.223281570352406e-09
2002,0.20020000000000002,9.311989738435133e-09
2003,0.2003,9.401506699919124e-09
2004,0.20040000000000002,9.49183939803252e-09
2005,0.2005,9.58299488732586e-09
2006,0.2006,9.674980310466433e-09
2007,0.20070000000000002,9.767802669636595e-09
2008,0.2008,9.861469313311988e-09
2009,0.20090000000000002,9.955987402715403e-09
2010,0.201,1.0051364346086274e-08
2011,0.2011,1.0147607411307739e-08
2012,0.20120000000000002,1.0244724178368863e-08
2013,0.2013,1.0342721957594916e-08
2014,0.20140000000000002,1.044160845416712e-08
2015,0.2015,1.0541391256656817e-08
2016,0.2016,1.06420779899157e-08
2017,0.20170000000000002,1.0743676550961593e-08
2018,0.2018,1.0846194572848365e-08
2019,0.2019,1.0949639984624292e-08
2020,0.202,1.105402072861987e-08
2021,0.2021,1.1159344730910947e-08
2022,0.20220000000000002,1.1265620220401748e-08
2023,0.2023,1.137285516778501e-08
2024,0.2024,1.1481057829154946e-08
2025,0.2025,1.1590236456645255e-08
2026,0.2026,1.1700399322073234e-08
2027,0.20270000000000002,1.1811554995425316e-08
2028,0.2028,1.1923711669785272e-08
2029,0.2029,1.2036878115221847e-08
2030,0.203,1.215106273672173e-08
2031,0.2031,1.2266274327203029e-08
2032,0.20320000000000002,1.2382521504180882e-08
2033,0.2033,1.2499813250062797e-08
2034,0.2034,1.2618158223347565e-08
2035,0.20350000000000001,1.2737565519174227e-08
2036,0.2036,1.2858044188310916e-08
2037,0.20370000000000002,1.2979603159604845e-08
2038,0.2038,1.3102251686426141e-08
2039,0.2039,1.322599901366841e-08
2040,0.20400000000000001,1.3350854431356514e-08
2041,0.2041,1.3476827370172994e-08
2042,0.20420000000000002,1.3603927127202123e-08
2043,0.2043,1.3732163385100787e-08
2044,0.2044,1.3861545812706152e-08
2045,0.20450000000000002,1.3992083939434513e-08
2046,0.2046,1.4123787645298218e-08
2047,0.20470000000000002,1.4256666671087518e-08
2048,0.2048,1.4390731019072414e-08
2049,0.2049,1.452599062419484e-08
2050,0.20500000000000002,1.4662455623510442e-08
2051,0.2051,1.480013616479956e-08
2052,0.20520000000000002,1.4939042406552606e-08
2053,0.2053,1.5079184799998314e-08
2054,0.2054,1.5220573723542112e-08
2055,0.20550000000000002,1.5363219566641517e-08
2056,0.2056,1.5507132904072245e-08
2057,0.20570000000000002,1.5652324538425666e-08
2058,0.2058,1.5798805073517962e-08
2059,0.2059,1.594658541941374e-08
2060,0.20600000000000002,1.609567632346049e-08
2061,0.2061,1.624608898432831e-08
2062,0.20620000000000002,1.6397834378013674e-08
2063,0.2063,1.6550923631123666e-08
2064,0.2064,6.686690395591284e-09
2065,0.20650000000000002,6.752327028845838e-09
2066,0.2066,6.8185762144273975e-09
2067,0.20670000000000002,6.8854433700206204e-09
2068,0.2068,6.952933849705836e-09
2069,0.2069,7.021053379216487e-09
2070,0.20700000000000002,7.0898073125921025e-09
2071,0.2071,7.159201381894533e-09
2072,0.20720000000000002,7.229241171188574e-09
2073,0.2073,7.29993240701174e-09
2074,0.2074,7.371280782889299e-09
2075,0.20750000000000002,7.443292244297123e-09
2076,0.2076,7.515972467386319e-09
2077,0.20770000000000002,7.589327441132919e-09
2078,0.2078,7.66336313399943e-09
2079,0.2079,7.738085445246517e-09
2080,0.20800000000000002,7.813500466175727e-09
2081,0.2081,7.88961421292677e-09
2082,0.2082,7.966432948813793e-09
2083,0.2083,8.043962813490769e-09
2084,0.2084,8.122210017558691e-09
2085,0.20850000000000002,8.201180964600658e-09
2086,0.2086,8.280881812609747e-09
2087,0.2087,8.361319162708194e-09
2088,0.2088,8.442499364418534e-09
2089,0.2089,8.524428954677107e-09
2090,0.20900000000000002,8.607114493313238e-09
2091,0.2091,8.690562624198313e-09
2092,0.2092,8.774779995927368e-09
2093,0.2093,8.85977331074712e-09
2094,0.2094,8.945549398107298e-09
2095,0.20950000000000002,9.032114982238655e-09
2096,0.2096,9.119477116863806e-09
2097,0.2097,9.20764268946593e-09
2098,0.20980000000000001,9.296618617103175e-09
2099,0.2099,9.386412190033115e-09
2100,0.21000000000000002,9.477030323703526e-09
2101,0.2101,9.568480331624626e-09
2102,0.2102,9.660769348740915e-09
2103,0.21030000000000001,9.753904792007649e-09
2104,0.2104,9.847893905935118e-09
2105,0.21050000000000002,9.94274422977109e-09
2106,0.2106,1.0038463124174243e-08
2107,0.2107,1.0135058331207562e-08
2108,0.21080000000000002,1.0232537229652527e-08
2109,0.2109,1.0330907678667568e-08
2110,0.21100000000000002,1.0430177371309078e-08
2111,0.2111,1.0530353994539113e-08
2112,0.2112,1.0631445531676566e-08
2113,0.21130000000000002,1.0733459898668327e-08
2114,0.2114,1.0836404999512199e-08
2115,0.21150000000000002,1.0940288948755362e-08
2116,0.2116,1.10451198802252e-08
2117,0.2117,1.1150906008923765e-08
2118,0.21180000000000002,1.1257655594043089e-08
2119,0.2119,1.1365376877099983e-08
2120,0.21200000000000002,1.1474078329733036e-08
2121,0.2121,1.1583768387628116e-08
2122,0.2122,1.1694455549643036e-08
2123,0.21230000000000002,1.1806148495829348e-08
2124,0.2124,1.1918855820863893e-08
2125,0.21250000000000002,1.2032586307115086e-08
2126,0.2126,1.2147348769694885e-08
2127,0.2127,1.226315203785103e-08
2128,0.21280000000000002,1.238000521621272e-08
2129,0.2129,1.2497917162667521e-08
2130,0.21300000000000002,1.2616897023181977e-08
2131,0.2131,1.2736954026890792e-08
2132,0.2132,1.285809745509849e-08
2133,0.21330000000000002,1.2980336566550078e-08
2134,0.2134,1.3103680759522883e-08
2135,0.21350000000000002,1.3228139622043628e-08
2136,0.2136,1.3353722457790149e-08
2137,0.2137,1.3480439253588522e-08
2138,0.21380000000000002,1.3608299462350527e-08
2139,0.2139,1.3737312902117125e-08
2140,0.21400000000000002,1.3867489606751817e-08
2141,0.2141,1.3998839432145835e-08
2142,0.2142,1.4131372356295855e-08
2143,0.21430000000000002,1.4265098535928281e-08
2144,0.2144,1.440002815020665e-08
2145,0.21450000000000002,1.4536171507333296e-08
2146,0.2146,1.4673539000903177e-08
2147,0.2147,1.4812140959448509e-08
2148,0.21480000000000002,1.495198808575047e-08
2149,0.2149,1.5093090835801883e-08
2150,0.215,1.5235459958655417e-08
2151,0.2151,1.5379106314733057e-08
2152,0.2152,1.5524040580401785e-08
2153,0.21530000000000002,1.5670274027864094e-08
2154,0.2154,1.581781735542162e-08
2155,0.2155,1.596668198370709e-08
2156,0.2156,1.6116879004890566e-08
2157,0.2157,1.6268419780841367e-08
2158,0.21580000000000002,1.6421315647244894e-08
2159,0.2159,1.6575578247969997e-08
2160,0.216,1.6731219068529554e-08
2161,0.21610000000000001,1.688824978308399e-08
2162,0.2162,1.7046682191640677e-08
2163,0.21630000000000002,1.72065282013351e-08
2164,0.2164,7.288657338562541e-09
2165,0.2165,7.360340374034379e-09
2166,0.21660000000000001,7.432695580341573e-09
2167,0.2167,7.505728748020709e-09
2168,0.21680000000000002,7.579446209052482e-09
2169,0.2169,7.653853804672981e-09
2170,0.217,7.728957803939706e-09
2171,0.21710000000000002,7.804764403376097e-09
2172,0.2172,7.881279923592671e-09
2173,0.21730000000000002,7.958510472911616e-09
2174,0.2174,8.036462575959928e-09
2175,0.2175,8.115142659646018e-09
2176,0.21760000000000002,8.194557059271686e-09
2177,0.2177,8.274712412826705e-09
2178,0.21780000000000002,8.355615279684046e-09
2179,0.2179,8.437272223194947e-09
2180,0.218,8.51968999546611e-09
2181,0.21810000000000002,8.602875378392571e-09
2182,0.2182,8.68683514543368e-09
2183,0.21830000000000002,8.771576093473768e-09
2184,0.2184,8.857105208830763e-09
2185,0.2185,8.943429412195581e-09
2186,0.21860000000000002,9.030555794874495e-09
2187,0.2187,9.118491497695269e-09
2188,0.21880000000000002,9.20724342969219e-09
2189,0.2189,9.296819144136686e-09
2190,0.219,9.387225681337911e-09
2191,0.21910000000000002,9.47847039359691e-09
2192,0.2192,9.570560836971037e-09
2193,0.21930000000000002,9.663504297362772e-09
2194,0.2194,9.757308341399223e-09
2195,0.2195,9.8519805668229e-09
2196,0.21960000000000002,9.947528647467847e-09
2197,0.2197,1.0043960326983971e-08
2198,0.21980000000000002,1.0141283194102519e-08
2199,0.2199,1.0239505376444211e-08
2200,0.22,1.033863451925372e-08
2201,0.22010000000000002,1.0438678749301417e-08
2202,0.2202,1.0539645948632876e-08
2203,0.22030000000000002,1.0641544449435171e-08
2204,0.2204,1.074438231993727e-08
2205,0.2205,1.0848167673151495e-08
2206,0.22060000000000002,1.0952909079626846e-08
2207,0.2207,1.1058614645957001e-08
2208,0.22080000000000002,1.1165292981795068e-08
2209,0.2209,1.1272952613386597e-08
2210,0.221,1.1381602073787857e-08
2211,0.22110000000000002,1.1491250090270805e-08
2212,0.2212,1.1601905248517612e-08
2213,0.22130000000000002,1.1713576574443021e-08
2214,0.2214,1.1826272862121569e-08
2215,0.2215,1.1940002906311928e-08
2216,0.22160000000000002,1.205477599470697e-08
2217,0.2217,1.2170600936972946e-08
2218,0.2218,1.2287487146334028e-08
2219,0.22190000000000001,1.2405443856080763e-08
2220,0.222,1.2524480313803144e-08
2221,0.22210000000000002,1.2644606054053558e-08
2222,0.2222,1.2765830372873921e-08
2223,0.2223,1.288816301599465e-08
2224,0.22240000000000001,1.301161348423435e-08
2225,0.2225,1.3136191501179163e-08
2226,0.22260000000000002,1.3261907039676846e-08
2227,0.2227,1.3388769866697021e-08
2228,0.2228,1.3516789985679884e-08
2229,0.22290000000000001,1.3645977363388068e-08
2230,0.223,1.3776342164447845e-08
2231,0.22310000000000002,1.3907894660461505e-08
2232,0.2232,1.4040645138874173e-08
2233,0.2233,1.4174604000879567e-08
2234,0.22340000000000002,1.4309781676749591e-08
2235,0.2235,1.4446188671593818e-08
2236,0.22360000000000002,1.4583835755029807e-08
2237,0.2237,1.4722733556336441e-08
2238,0.2238,1.4862892956603104e-08
2239,0.22390000000000002,1.5004324847106044e-08
2240,0.224,1.5147040214411408e-08
2241,0.22410000000000002,1.5291050075046302e-08
2242,0.2242,1.543636576387572e-08
2243,0.2243,1.5582998403716156e-08
2244,0.22440000000000002,1.573095946235635e-08
2245,0.2245,1.5880260405495352e-08
2246,0.22460000000000002,1.6030912716393836e-08
2247,0.2247,1.6182928014097583e-08
2248,0.2248,1.6336318191689403e-08
2249,0.22490000000000002,1.649109488437978e-08
2250,0.225,1.6647270152874194e-08
2251,0.22510000000000002,1.6804855944746765e-08
2252,0.2252,1.6963864541763876e-08
2253,0.2253,1.7124308033744916e-08
2254,0.22540000000000002,1.7286198739754283e-08
2255,0.2255,1.74495492876654e-08
2256,0.22560000000000002,1.761437190921584e-08
2257,0.2257,1.7780679488041808e-08
2258,0.2258,7.859541155114389e-09
2259,0.22590000000000002,7.937197134818583e-09
2260,0.226,8.015586391467396e-09
2261,0.22610000000000002,8.094715640310976e-09
2262,0.2262,8.174591435004655e-09
2263,0.2263,8.255220722867058e-09
2264,0.22640000000000002,8.336609965578692e-09
2265,0.2265,8.418766237102979e-09
2266,0.22660000000000002,8.50169638383067e-09
2267,0.2267,8.585407315616686e-09
2268,0.2268,8.669906032414456e-09
2269,0.22690000000000002,8.755199617819014e-09
2270,0.227,8.841295298944575e-09
2271,0.22710000000000002,8.928200207744406e-09
2272,0.2272,9.015921666341952e-09
2273,0.2273,9.104466915022728e-09
2274,0.22740000000000002,9.193843231673767e-09
2275,0.2275,9.284058357430248e-09
2276,0.22760000000000002,9.375119572938702e-09
2277,0.2277,9.4670344627204e-09
2278,0.2278,9.559810822594237e-09
2279,0.22790000000000002,9.653456160502124e-09
2280,0.228,9.747978395616514e-09
2281,0.2281,9.843385252488132e-09
2282,0.22820000000000001,9.939684774204211e-09
2283,0.2283,1.0036884795878016e-08
2284,0.22840000000000002,1.0134993298001048e-08
2285,0.2285,1.0234018640501934e-08
2286,0.2286,1.033396880848782e-08
2287,0.22870000000000001,1.0434852006352035e-08
2288,0.2288,1.0536676725105325e-08
2289,0.22890000000000002,1.0639451194334566e-08
2290,0.229,1.0743183937177389e-08
2291,0.2291,1.0847883496376098e-08
2292,0.22920000000000001,1.0953558434292271e-08
2293,0.2293,1.1060217420052955e-08
2294,0.22940000000000002,1.1167869209639247e-08
2295,0.2295,1.1276522713129799e-08
2296,0.2296,1.1386186632603005e-08
2297,0.22970000000000002,1.149687008606804e-08
2298,0.2298,1.1608582191884977e-08
2299,0.22990000000000002,1.1721331806656826e-08
2300,0.23,1.183512837171455e-08
2301,0.2301,1.194998097274542e-08
2302,0.23020000000000002,1.2065899186810024e-08
2303,0.2303,1.2182892295775745e-08
2304,0.23040000000000002,1.2300969932164413e-08
2305,0.2305,1.2420141500457567e-08
2306,0.2306,1.2540416843872759e-08
2307,0.23070000000000002,1.2661805712559532e-08
2308,0.2308,1.2784317790350645e-08
2309,0.23090000000000002,1.2907963227773365e-08
2310,0.231,1.3032751832774142e-08
2311,0.2311,1.3158693819753902e-08
2312,0.23120000000000002,1.3285799202198703e-08
2313,0.2313,1.3414078535909929e-08
2314,0.23140000000000002,1.3543541851461849e-08
2315,0.2315,1.367419973571014e-08
2316,0.2316,1.3806062764309764e-08
2317,0.23170000000000002,1.3939141447475848e-08
2318,0.2318,1.4073446609236573e-08
2319,0.23190000000000002,1.420898884580202e-08
2320,0.232,1.434577914214096e-08
2321,0.2321,1.4483828431806874e-08
2322,0.23220000000000002,1.4623147827556507e-08
2323,0.2323,1.4763748499478476e-08
2324,0.23240000000000002,1.4905641681874002e-08
2325,0.2325,1.504883868695114e-08
2326,0.2326,1.5193350870961904e-08
2327,0.23270000000000002,1.5339190001558547e-08
2328,0.2328,1.5486367462487257e-08
2329,0.23290000000000002,1.5634895151336727e-08
2330,0.233,1.5784784683767075e-08
2331,0.2331,1.593604829224933e-08
2332,0.23320000000000002,1.6088697832153198e-08
2333,0.2333,1.6242745271892593e-08
2334,0.23340000000000002,1.6398203116111204e-08
2335,0.2335,1.6555083451265774e-08
2336,0.2336,1.671339893476801e-08
2337,0.23370000000000002,1.6873161983274415e-08
2338,0.2338,1.703438518216879e-08
2339,0.23390000000000002,1.7197081402110907e-08
2340,0.234,1.7361263355018746e-08
2341,0.2341,1.752694406583719e-08
2342,0.23420000000000002,1.76941365788032e-08
2343,0.2343,1.7862854046477372e-08
2344,0.23440000000000003,1.8033109777894454e-08
2345,0.23450000000000001,1.8204917259418938e-08
2346,0.2346,8.361391800069811e-09
2347,0.23470000000000002,8.444585766850347e-09
2348,0.2348,8.528572734977638e-09
2349,0.2349,8.613359899725419e-09
2350,0.23500000000000001,8.698954576946942e-09
2351,0.2351,8.785364079613465e-09
2352,0.23520000000000002,8.872596047779573e-09
2353,0.2353,8.960657720207692e-09
2354,0.2354,9.049556759179048e-09
2355,0.23550000000000001,9.139300618074298e-09
2356,0.2356,9.229897298429446e-09
2357,0.23570000000000002,9.321354276313632e-09
2358,0.2358,9.413679569514918e-09
2359,0.2359,9.506880773317033e-09
2360,0.23600000000000002,9.600966142607045e-09
2361,0.2361,9.695943599477364e-09
2362,0.23620000000000002,9.791821222687237e-09
2363,0.2363,9.888607151271117e-09
2364,0.2364,9.9863096882904e-09
2365,0.23650000000000002,1.0084937024639562e-08
2366,0.2366,1.0184497660647372e-08
2367,0.23670000000000002,1.0284999922394169e-08
2368,0.2368,1.0386452445833044e-08
2369,0.2369,1.0488863775792816e-08
2370,0.23700000000000002,1.059224258051132e-08
2371,0.2371,1.0696597631077962e-08
2372,0.23720000000000002,1.0801937718423583e-08
2373,0.2373,1.0908271750442825e-08
2374,0.2374,1.1015608745274184e-08
2375,0.23750000000000002,1.1123957637125385e-08
2376,0.2376,1.1233327678880994e-08
2377,0.23770000000000002,1.1343728025867812e-08
2378,0.2378,1.1455167965000203e-08
2379,0.2379,1.1567656894167147e-08
2380,0.23800000000000002,1.1681204099821477e-08
2381,0.2381,1.1795819431803173e-08
2382,0.23820000000000002,1.191151221833206e-08
2383,0.2383,1.2028292233086853e-08
2384,0.2384,1.2146169319816479e-08
2385,0.23850000000000002,1.226515329485818e-08
2386,0.2386,1.238525414232932e-08
2387,0.23870000000000002,1.2506481693498136e-08
2388,0.2388,1.2628846380285317e-08
2389,0.2389,1.275235816808696e-08
2390,0.23900000000000002,1.287702741403925e-08
2391,0.2391,1.3002864518363521e-08
2392,0.23920000000000002,1.3129879994342775e-08
2393,0.2393,1.3258084342621157e-08
2394,0.2394,1.3387488331051619e-08
2395,0.23950000000000002,1.3518102393172547e-08
2396,0.2396,1.36499377130193e-08
2397,0.23970000000000002,1.3783005000535014e-08
2398,0.2398,1.3917315352696932e-08
2399,0.2399,1.4052879910689898e-08
2400,0.24000000000000002,1.4189709719661015e-08
2401,0.2401,1.4327816360116008e-08
2402,0.24020000000000002,1.4467211008181864e-08
2403,0.2403,1.4607905165221711e-08
2404,0.2404,1.4749910588209076e-08
2405,0.24050000000000002,1.4893238798138379e-08
2406,0.2406,1.5037901663215303e-08
2407,0.24070000000000003,1.5183911188474135e-08
2408,0.24080000000000001,1.5331279164097493e-08
2409,0.2409,1.548001772121236e-08
2410,0.24100000000000002,1.5630139205762808e-08
2411,0.2411,1.57816559040728e-08
2412,0.2412,1.593458009203731e-08
2413,0.24130000000000001,1.6088924267819144e-08
2414,0.2414,1.6244701293394993e-08
2415,0.24150000000000002,1.640192360465961e-08
2416,0.2416,1.6560604290984734e-08
2417,0.2417,1.672075612864566e-08
2418,0.24180000000000001,1.6882392258643586e-08
2419,0.2419,1.7045525713682992e-08
2420,0.24200000000000002,1.72101699625797e-08
2421,0.2421,1.7376338309614363e-08
2422,0.2422,1.7544044233968363e-08
2423,0.24230000000000002,1.7713301283809024e-08
2424,0.2424,1.788412344482976e-08
2425,0.24250000000000002,1.805652426216739e-08
2426,0.2426,1.82305179740424e-08
2427,0.2427,1.8406118498689375e-08
2428,0.24280000000000002,1.858334007948564e-08
2429,0.2429,1.876219700868139e-08
2430,0.24300000000000002,8.926757048141653e-09
2431,0.2431,9.016314070102058e-09
2432,0.2432,9.106733789113744e-09
2433,0.24330000000000002,9.198024087615192e-09
2434,0.2434,9.29019287362704e-09
2435,0.24350000000000002,9.383248372598598e-09
2436,0.2436,9.477198821858335e-09
2437,0.2437,9.572052378010457e-09
2438,0.24380000000000002,9.66781730915402e-09
2439,0.2439,9.764502080637795e-09
2440,0.24400000000000002,9.862115212798067e-09
2441,0.2441,9.96066519542592e-09
2442,0.2442,1.0060160687542323e-08
2443,0.24430000000000002,1.0160610296352417e-08
2444,0.2444,1.0262022905728861e-08
2445,0.24450000000000002,1.0364407290829457e-08
2446,0.2446,1.0467772425283538e-08
2447,0.2447,1.0572127438656555e-08
2448,0.24480000000000002,1.0677481237501199e-08
2449,0.2449,1.0783842963013774e-08
2450,0.24500000000000002,1.0891221984325944e-08
2451,0.2451,1.0999627662522491e-08
2452,0.2452,1.1109069300427192e-08
2453,0.24530000000000002,1.1219556386240358e-08
2454,0.2454,1.1331098672792952e-08
2455,0.24550000000000002,1.1443705575277914e-08
2456,0.2456,1.155738706789374e-08
2457,0.2457,1.1672152823139154e-08
2458,0.24580000000000002,1.1788012735654868e-08
2459,0.2459,1.1904977044837418e-08
2460,0.24600000000000002,1.2023055645216768e-08
2461,0.2461,1.2142258718752913e-08
2462,0.2462,1.2262596605855774e-08
2463,0.24630000000000002,1.2384079618494704e-08
2464,0.2464,1.2506718270583158e-08
2465,0.24650000000000002,1.2630523069408342e-08
2466,0.2466,1.2755504666957628e-08
2467,0.2467,1.2881673737594106e-08
2468,0.24680000000000002,1.3009041158420047e-08
2469,0.2469,1.3137617850885607e-08
2470,0.24700000000000003,1.3267414824166092e-08
2471,0.24710000000000001,1.3398443038076362e-08
2472,0.2472,1.353071394486277e-08
2473,0.24730000000000002,1.366423876008227e-08
2474,0.2474,1.3799028671804158e-08
2475,0.24750000000000003,1.3935095520557433e-08
2476,0.24760000000000001,1.4072450657117461e-08
2477,0.2477,1.4211105955119519e-08
2478,0.24780000000000002,1.4351073116736156e-08
2479,0.2479,1.4492363947649278e-08
2480,0.248,1.4634990705178983e-08
2481,0.24810000000000001,1.4778965344957342e-08
2482,0.2482,1.4924300035381537e-08
2483,0.24830000000000002,1.507100733219567e-08
2484,0.2484,1.5219099315210163e-08
2485,0.2485,1.5368588880236822e-08
2486,0.24860000000000002,1.5519488389114788e-08
2487,0.2487,1.567181085352686e-08
2488,0.24880000000000002,1.5825568998129583e-08
2489,0.2489,1.598077576921303e-08
2490,0.249,1.6137444247770895e-08
2491,0.24910000000000002,1.629558783904513e-08
2492,0.2492,1.6455219573865508e-08
2493,0.24930000000000002,1.6616353193627882e-08
2494,0.2494,1.6779002087349493e-08
2495,0.2495,1.6943179852475057e-08
2496,0.24960000000000002,1.7108900419285318e-08
2497,0.2497,1.7276177642797093e-08
2498,0.24980000000000002,1.7445025514321e-08
2499,0.2499,1.761545823474093e-08
2500,0.25,1.7787490046821817e-08
2501,0.2501,1.7961135213322205e-08
2502,0.25020000000000003,1.813640852892783e-08
2503,0.2503,1.831332451648614e-08
2504,0.2504,1.849189780701914e-08
2505,0.2505,1.867214350600413e-08
2506,0.2506,1.8854076491077055e-08
2507,0.25070000000000003,1.9037712012427633e-08
2508,0.2508,1.9223065231655776e-08
2509,0.2509,1.941015163224508e-08
2510,0.251,9.540097560078731e-09
2511,0.2511,9.6367125183764e-09
2512,0.25120000000000003,9.734268692012427e-09
2513,0.2513,9.832774829530108e-09
2514,0.2514,9.9322398534145e-09
2515,0.2515,1.0032672632522567e-08
2516,0.2516,1.0134082459978391e-08
2517,0.25170000000000003,1.0236478215273043e-08
2518,0.2518,1.0339869202468697e-08
2519,0.2519,1.0444264672420368e-08
2520,0.252,1.0549674073086657e-08
2521,0.2521,1.065610688041105e-08
2522,0.25220000000000004,1.0763572576235783e-08
2523,0.2523,1.0872080876903488e-08
2524,0.2524,1.0981641394324135e-08
2525,0.2525,1.1092263990008312e-08
2526,0.2526,1.1203958524496304e-08
2527,0.25270000000000004,1.1316735093694023e-08
2528,0.2528,1.1430603696791439e-08
2529,0.2529,1.1545574354319466e-08
2530,0.253,1.1661657522294649e-08
2531,0.2531,1.1778863471611579e-08
2532,0.25320000000000004,1.189720258368934e-08
2533,0.2533,1.201668558758784e-08
2534,0.2534,1.2137322901453939e-08
2535,0.2535,1.2259125254301118e-08
2536,0.2536,1.2382103560577893e-08
2537,0.25370000000000004,1.2506268601631428e-08
2538,0.2538,1.263163148536615e-08
2539,0.2539,1.2758203372262614e-08
2540,0.254,1.2885995304689137e-08
2541,0.2541,1.3015018689415358e-08
2542,0.25420000000000004,1.3145284926786372e-08
2543,0.2543,1.3276805447844766e-08
2544,0.2544,1.3409592019240039e-08
2545,0.2545,1.3543656215686283e-08
2546,0.2546,1.36790098288601e-08
2547,0.25470000000000004,1.3815664905019567e-08
2548,0.2548,1.3953633387977803e-08
2549,0.2549,1.4092927461602121e-08
2550,0.255,1.4233559326643286e-08
2551,0.2551,1.4375541185822389e-08
2552,0.25520000000000004,1.451888584056049e-08
2553,0.2553,1.4663605639918937e-08
2554,0.2554,1.4809713173954504e-08
2555,0.2555,1.495722140858642e-08
2556,0.2556,1.510614327538312e-08
2557,0.25570000000000004,1.5256491559348423e-08
2558,0.2558,1.5408279691164536e-08
2559,0.2559,1.5561520671307376e-08
2560,0.256,1.571622800452842e-08
2561,0.2561,1.5872415064512257e-08
2562,0.25620000000000004,1.603009567770417e-08
2563,0.25630000000000003,1.6189283285094218e-08
2564,0.2564,1.634999197567762e-08
2565,0.2565,1.6512235662959027e-08
2566,0.2566,1.6676028249581552e-08
2567,0.25670000000000004,1.6841384242541434e-08
2568,0.25680000000000003,1.7008317688439955e-08
2569,0.2569,1.7176843253869573e-08
2570,0.257,1.7346975475373133e-08
2571,0.2571,1.751872914993276e-08
2572,0.25720000000000004,1.7692118982094076e-08
2573,0.25730000000000003,1.7867160117728704e-08
2574,0.2574,1.8043867557996917e-08
2575,0.2575,1.8222256580522158e-08
2576,0.2576,1.840234255917666e-08
2577,0.2577,1.8584140926564773e-08
2578,0.25780000000000003,1.8767667543334806e-08
2579,0.2579,1.8952938005434713e-08
2580,0.258,1.9139968427855166e-08
2581,0.2581,1.9328774789244036e-08
2582,0.2582,1.951937324103376e-08
2583,0.25830000000000003,1.9711780137934052e-08
2584,0.2584,1.9906012023176562e-08
2585,0.2585,1.0077368445448484e-08
2586,0.2586,1.0180530388458128e-08
2587,0.2587,1.028471009833361e-08
2588,0.25880000000000003,1.0389916904274971e-08
2589,0.2589,1.049616082173457e-08
2590,0.259,1.06034516679624e-08
2591,0.2591,1.0711799266080897e-08
2592,0.2592,1.0821213786008541e-08
2593,0.25930000000000003,1.0931705085701393e-08
2594,0.2594,1.1043283688635024e-08
2595,0.2595,1.1155959707966708e-08
2596,0.2596,1.1269743589350483e-08
2597,0.2597,1.1384645671271822e-08
2598,0.25980000000000003,1.1500676807517144e-08
2599,0.2599,1.1617847456514445e-08
2600,0.26,1.1736168584919026e-08
2601,0.2601,1.185565083986783e-08
2602,0.2602,1.1976305301294277e-08
2603,0.26030000000000003,1.2098143094695614e-08
2604,0.2604,1.2221175345522496e-08
2605,0.2605,1.2345413201992973e-08
2606,0.2606,1.2470868261677436e-08
2607,0.2607,1.25975519398509e-08
2608,0.26080000000000003,1.2725475743547258e-08
2609,0.2609,1.2854651447105638e-08
2610,0.261,1.2985090734088815e-08
2611,0.2611,1.3116805723682611e-08
2612,0.2612,1.3249808124029669e-08
2613,0.26130000000000003,1.3384110224323517e-08
2614,0.2614,1.3519724192944612e-08
2615,0.2615,1.3656662589320805e-08
2616,0.2616,1.379493752352215e-08
2617,0.2617,1.3934561764544056e-08
2618,0.26180000000000003,1.4075548052818645e-08
2619,0.2619,1.4217908962331177e-08
2620,0.262,1.4361657466979782e-08
2621,0.2621,1.4506806788082743e-08
2622,0.2622,1.4653369804681595e-08
2623,0.26230000000000003,1.4801359972896468e-08
2624,0.2624,1.4950790460289567e-08
2625,0.2625,1.510167498162283e-08
2626,0.2626,1.525402706299076e-08
2627,0.2627,1.540786036393166e-08
2628,0.26280000000000003,1.5563188885050988e-08
2629,0.2629,1.5720026676622014e-08
2630,0.263,1.5878387669519752e-08
2631,0.2631,1.603828613638206e-08
2632,0.2632,1.6199736638370187e-08
2633,0.26330000000000003,1.6362753409980394e-08
2634,0.2634,1.652735135157945e-08
2635,0.2635,1.6693545060168384e-08
2636,0.2636,1.6861349499105158e-08
2637,0.2637,1.703077965961298e-08
2638,0.26380000000000003,1.7201850776699122e-08
2639,0.2639,1.7374578075023782e-08
2640,0.264,1.7548976954042646e-08
2641,0.2641,1.772506314269189e-08
2642,0.2642,1.7902852306122433e-08
2643,0.26430000000000003,1.8082360346832836e-08
2644,0.2644,1.8263603065028817e-08
2645,0.2645,1.8446596753701517e-08
2646,0.2646,1.86313578205408e-08
2647,0.2647,1.8817902378040623e-08
2648,0.26480000000000004,1.900624733425306e-08
2649,0.2649,1.919640919408216e-08
2650,0.265,1.938840502672267e-08
2651,0.2651,1.9582251699545622e-08
2652,0.2652,1.977796645905847e-08
2653,0.26530000000000004,1.9975566691181416e-08
2654,0.2654,2.0175069882678452e-08
2655,0.2655,2.0376493613543003e-08
2656,0.2656,2.0579855518312043e-08
2657,0.2657,1.0710030133793371e-08
2658,0.26580000000000004,1.082091353711098e-08
2659,0.2659,1.0932904964380492e-08
2660,0.266,1.1046014982972191e-08
2661,0.2661,1.1160254384412296e-08
2662,0.2662,1.1275634215901623e-08
2663,0.26630000000000004,1.1392165274812704e-08
2664,0.2664,1.1509858770076031e-08
2665,0.2665,1.1628725777640575e-08
2666,0.2666,1.1748777512940845e-08
2667,0.2667,1.1870025541612718e-08
2668,0.26680000000000004,1.1992481343402948e-08
2669,0.2669,1.2116156397795386e-08
2670,0.267,1.2241062449331341e-08
2671,0.2671,1.2367211351930813e-08
2672,0.2672,1.2494614990965418e-08
2673,0.26730000000000004,1.2623285502056344e-08
2674,0.2674,1.2753234896340421e-08
2675,0.2675,1.2884475568442976e-08
2676,0.2676,1.301701969487558e-08
2677,0.2677,1.3150880047383059e-08
2678,0.26780000000000004,1.3286068929446506e-08
2679,0.2679,1.3422599295168116e-08
2680,0.268,1.3560483802585898e-08
2681,0.2681,1.3699735549724974e-08
2682,0.2682,1.3840367495265623e-08
2683,0.26830000000000004,1.3982392960164489e-08
2684,0.2684,1.4125825079125133e-08
2685,0.2685,1.4270677569346006e-08
2686,0.2686,1.4416963679516319e-08
2687,0.2687,1.4564697288482539e-08
2688,0.26880000000000004,1.471389215211511e-08
2689,0.26890000000000003,1.4864562201722945e-08
2690,0.269,1.5016721449991436e-08
2691,0.2691,1.5170384289999103e-08
2692,0.2692,1.532556483491865e-08
2693,0.26930000000000004,1.5482277704624403e-08
2694,0.26940000000000003,1.5640537404508924e-08
2695,0.2695,1.5800358624578578e-08
2696,0.2696,1.59617563422056e-08
2697,0.2697,1.6124745404809058e-08
2698,0.26980000000000004,1.628934117624912e-08
2699,0.26990000000000003,1.6455558662050325e-08
2700,0.27,1.6623413392614096e-08
2701,0.2701,1.679292100571844e-08
2702,0.2702,1.6964097049230342e-08
2703,0.27030000000000004,1.7136957541862113e-08
2704,0.27040000000000003,1.7311518207337617e-08
2705,0.2705,1.74877954700525e-08
2706,0.2706,1.7665805428079448e-08
2707,0.2707,1.7845564422228828e-08
2708,0.27080000000000004,1.8027089321414932e-08
2709,0.27090000000000003,1.8210396605057336e-08
2710,0.271,1.8395503297036652e-08
2711,0.2711,1.8582426411962164e-08
2712,0.2712,1.8771183105729477e-08
2713,0.2713,1.8961790683669856e-08
2714,0.27140000000000003,1.9154266727712292e-08
2715,0.2715,1.934862890638871e-08
2716,0.2716,1.9544894951134345e-08
2717,0.2717,1.9743082958148503e-08
2718,0.2718,1.9943211063290146e-08
2719,0.27190000000000003,2.014529750568815e-08
2720,0.272,2.034936091410725e-08
2721,0.2721,2.0555419742923783e-08
2722,0.2722,2.0763493027617913e-08
2723,0.2723,2.097359968537664e-08
2724,0.27240000000000003,2.1185758817395934e-08
2725,0.2725,1.1309034953882194e-08
2726,0.2726,1.1427544662633264e-08
2727,0.2727,1.1547254765843138e-08
2728,0.2728,1.1668176961556304e-08
2729,0.27290000000000003,1.1790323066868136e-08
2730,0.273,1.1913705137811548e-08
2731,0.2731,1.2038335038700342e-08
2732,0.2732,1.2164225200383568e-08
2733,0.2733,1.2291387870330478e-08
2734,0.27340000000000003,1.2419835415941031e-08
2735,0.2735,1.2549580308747114e-08
2736,0.2736,1.268063534849818e-08
2737,0.2737,1.2813013255719005e-08
2738,0.2738,1.2946726951645016e-08
2739,0.27390000000000003,1.3081789486503655e-08
2740,0.274,1.3218213903565855e-08
2741,0.2741,1.3356013511507882e-08
2742,0.2742,1.3495201636403895e-08
2743,0.2743,1.363579186225929e-08
2744,0.27440000000000003,1.3777797887076545e-08
2745,0.2745,1.3921233354534488e-08
2746,0.2746,1.4066112215051401e-08
2747,0.2747,1.421244862192803e-08
2748,0.2748,1.4360256481869746e-08
2749,0.27490000000000003,1.45095502821418e-08
2750,0.275,1.4660344464609724e-08
2751,0.2751,1.4812653449745913e-08
2752,0.2752,1.4966491942231785e-08
2753,0.2753,1.5121874875111025e-08
2754,0.27540000000000003,1.5278817337720194e-08
2755,0.2755,1.543733419745306e-08
2756,0.2756,1.5597440816286305e-08
2757,0.2757,1.5759152576178513e-08
2758,0.2758,1.592248511285724e-08
2759,0.27590000000000003,1.6087454082371042e-08
2760,0.276,1.6254075177224378e-08
2761,0.2761,1.6422364562208057e-08
2762,0.2762,1.659233818091257e-08
2763,0.2763,1.6764012522532257e-08
2764,0.27640000000000003,1.6937403919928306e-08
2765,0.2765,1.7112528993821806e-08
2766,0.2766,1.7289404386470862e-08
2767,0.2767,1.7468047238858447e-08
2768,0.2768,1.764847432583342e-08
2769,0.27690000000000003,1.7830702986193284e-08
2770,0.277,1.8014750621668012e-08
2771,0.2771,1.8200634737491283e-08
2772,0.2772,1.838837313700771e-08
2773,0.2773,1.857798346826352e-08
2774,0.27740000000000004,1.876948387235635e-08
2775,0.2775,1.896289259493984e-08
2776,0.2776,1.915822806751216e-08
2777,0.2777,1.935550872913079e-08
2778,0.2778,1.9554753164424705e-08
2779,0.27790000000000004,1.9755980453102923e-08
2780,0.278,1.995920957760928e-08
2781,0.2781,2.0164459918763263e-08
2782,0.2782,2.0371750638417337e-08
2783,0.2783,2.0581101525027175e-08
2784,0.27840000000000004,2.0792532254209605e-08
2785,0.2785,2.1006062901348478e-08
2786,0.2786,2.12217134536589e-08
2787,0.2787,2.1439504510572243e-08
2788,0.2788,2.1659456225377652e-08
2789,0.27890000000000004,1.1835125228482016e-08
2790,0.279,1.1960748981416304e-08
2791,0.2791,1.2087663380727343e-08
2792,0.2792,1.2215881137436484e-08
2793,0.2793,1.2345415011578063e-08
2794,0.27940000000000004,1.2476278432938515e-08
2795,0.2795,1.2608484317608417e-08
2796,0.2796,1.2742046154001144e-08
2797,0.2797,1.2876977349797156e-08
2798,0.2798,1.3013291444410699e-08
2799,0.27990000000000004,1.3151002109194445e-08
2800,0.28,1.3290123294963069e-08
2801,0.2801,1.3430668806720771e-08
2802,0.2802,1.3572652884875603e-08
2803,0.2803,1.3716089747168031e-08
2804,0.28040000000000004,1.386099375251948e-08
2805,0.2805,1.4007379425848543e-08
2806,0.2806,1.4155261417324476e-08
2807,0.2807,1.4304654502557152e-08
2808,0.2808,1.4455573738734759e-08
2809,0.28090000000000004,1.4608034070978105e-08
2810,0.281,1.4762050578515313e-08
2811,0.2811,1.4917638984312056e-08
2812,0.2812,1.5074814530115618e-08
2813,0.2813,1.5233592970472298e-08
2814,0.28140000000000004,1.539399019524003e-08
2815,0.28150000000000003,1.5556022015858923e-08
2816,0.2816,1.5719704568502553e-08
2817,0.2817,1.5885054075830436e-08
2818,0.2818,1.6052087242481063e-08
2819,0.28190000000000004,1.6220820283579122e-08
2820,0.28200000000000003,1.6391270217956613e-08
2821,0.2821,1.6563453673904402e-08
2822,0.2822,1.673738804325872e-08
2823,0.2823,1.6913090145954447e-08
2824,0.28240000000000004,1.7090577789081062e-08
2825,0.28250000000000003,1.7269868051040104e-08
2826,0.2826,1.745097903141725e-08
2827,0.2827,1.7633928489304617e-08
2828,0.2828,1.7818734545287466e-08
2829,0.28290000000000004,1.8005415136279162e-08
2830,0.28300000000000003,1.81939889250845e-08
2831,0.2831,1.838447448241676e-08
2832,0.2832,1.857689051847505e-08
2833,0.2833,1.877125578377871e-08
2834,0.28340000000000004,1.8967589549655276e-08
2835,0.28350000000000003,1.9165911186496018e-08
2836,0.2836,1.9366240014674346e-08
2837,0.2837,1.956859572733385e-08
2838,0.2838,1.97729980342972e-08
2839,0.28390000000000004,1.9979467176551534e-08
2840,0.28400000000000003,2.0188023296240422e-08
2841,0.2841,2.039868679352666e-08
2842,0.2842,2.061147821070136e-08
2843,0.2843,2.08264182739389e-08
2844,0.2844,2.104352820115573e-08
2845,0.28450000000000003,2.126282907913445e-08
2846,0.2846,2.1484342229275426e-08
2847,0.2847,2.170808916635337e-08
2848,0.2848,2.1934091965096107e-08
2849,0.2849,2.2162372353409766e-08
2850,0.28500000000000003,1.2376609693263529e-08
2851,0.2851,1.2509723180014255e-08
2852,0.2852,1.2644223750424028e-08
2853,0.2853,1.2780125794542553e-08
2854,0.2854,1.2917443103357602e-08
2855,0.28550000000000003,1.305619023631864e-08
2856,0.2856,1.31963814958388e-08
2857,0.2857,1.3338031336011566e-08
2858,0.2858,1.3481154730417181e-08
2859,0.2859,1.3625766178534983e-08
2860,0.28600000000000003,1.3771880816730293e-08
2861,0.2861,1.391951390921176e-08
2862,0.2862,1.4068680496865575e-08
2863,0.2863,1.4219396275528046e-08
2864,0.2864,1.4371676559035269e-08
2865,0.28650000000000003,1.4525537199703784e-08
2866,0.2866,1.468099406146639e-08
2867,0.2867,1.4838063262884223e-08
2868,0.2868,1.4996760716482566e-08
2869,0.2869,1.5157103218546082e-08
2870,0.28700000000000003,1.5319106940604423e-08
2871,0.2871,1.5482788611567816e-08
2872,0.2872,1.5648165174473817e-08
2873,0.2873,1.5815253526492656e-08
2874,0.2874,1.598407081283449e-08
2875,0.28750000000000003,1.6154634418740416e-08
2876,0.2876,1.632696180173172e-08
2877,0.2877,1.6501070643067866e-08
2878,0.2878,1.6676978932221063e-08
2879,0.2879,1.6854704395132432e-08
2880,0.28800000000000003,1.7034265318701477e-08
2881,0.2881,1.7215680096979288e-08
2882,0.2882,1.739896718077024e-08
2883,0.2883,1.7584145381062382e-08
2884,0.2884,1.7771233675723868e-08
2885,0.28850000000000003,1.7960250965198954e-08
2886,0.2886,1.8151216629093214e-08
2887,0.2887,1.8344150088150927e-08
2888,0.2888,1.8539070930908473e-08
2889,0.2889,1.8735998981499096e-08
2890,0.28900000000000003,1.8934954376045434e-08
2891,0.2891,1.9135957242041888e-08
2892,0.2892,1.9339027867362318e-08
2893,0.2893,1.954418709793657e-08
2894,0.2894,1.97514556196434e-08
2895,0.28950000000000004,1.996085444032721e-08
2896,0.2896,2.0172404712544593e-08
2897,0.2897,2.0386127962402827e-08
2898,0.2898,2.0602045776737904e-08
2899,0.2899,2.0820179854015597e-08
2900,0.29000000000000004,2.1040552224871524e-08
2901,0.2901,2.1263185396790714e-08
2902,0.2902,2.148810155752393e-08
2903,0.2903,2.1715323541830668e-08
2904,0.2904,2.194487433173158e-08
2905,0.29050000000000004,2.2176776683095738e-08
2906,0.2906,2.2411054280417035e-08
2907,0.2907,2.2647730446796643e-08
2908,0.2908,2.2886829137779226e-08
2909,0.2909,1.3047710253507264e-08
2910,0.29100000000000004,1.3189902749427097e-08
2911,0.2911,1.3333598570983859e-08
2912,0.2912,1.3478812984531141e-08
2913,0.2913,1.3625561624501062e-08
2914,0.2914,1.3773860264027996e-08
2915,0.29150000000000004,1.3923724602139883e-08
2916,0.2916,1.4075170834669016e-08
2917,0.2917,1.4228215169066887e-08
2918,0.2918,1.4382873986446302e-08
2919,0.2919,1.4539163551748826e-08
2920,0.29200000000000004,1.4697100756068818e-08
2921,0.2921,1.4856702306574339e-08
2922,0.2922,1.501798525569806e-08
2923,0.2923,1.5180966830814273e-08
2924,0.2924,1.5345664425955144e-08
2925,0.29250000000000004,1.5512095422514137e-08
2926,0.2926,1.568027761682186e-08
2927,0.2927,1.5850228562036486e-08
2928,0.2928,1.6021966731651044e-08
2929,0.2929,1.6195510245371195e-08
2930,0.29300000000000004,1.637087735664172e-08
2931,0.2931,1.654808673555748e-08
2932,0.2932,1.6727157049594717e-08
2933,0.2933,1.690810741794402e-08
2934,0.2934,1.709095677761189e-08
2935,0.29350000000000004,1.727572456938945e-08
2936,0.2936,1.7462430292411234e-08
2937,0.2937,1.7651093761758862e-08
2938,0.2938,1.7841734722508615e-08
2939,0.2939,1.8034373253332928e-08
2940,0.29400000000000004,1.8229029895930644e-08
2941,0.29410000000000003,1.8425724804715774e-08
2942,0.2942,1.8624478812448356e-08
2943,0.2943,1.882531304423822e-08
2944,0.2944,1.9028248324232297e-08
2945,0.29450000000000004,1.9233306104747445e-08
2946,0.29460000000000003,1.944050781284631e-08
2947,0.2947,1.9649875272339132e-08
2948,0.2948,1.9861430497604318e-08
2949,0.2949,2.00751953835492e-08
2950,0.29500000000000004,2.0291192610759656e-08
2951,0.29510000000000003,2.0509444508185673e-08
2952,0.2952,2.072997420874208e-08
2953,0.2953,2.0952804468093633e-08
2954,0.2954,2.117795885553337e-08
2955,0.29550000000000004,2.140546058061888e-08
2956,0.29560000000000003,2.1635333520719465e-08
2957,0.2957,2.1867601677569788e-08
2958,0.2958,2.2102289142845765e-08
2959,0.2959,2.2339420487478427e-08
2960,0.29600000000000004,2.2579020347114628e-08
2961,0.29610000000000003,2.2821113396210506e-08
2962,0.2962,2.3065725187863935e-08
2963,0.2963,2.3312880856121028e-08
2964,0.2964,1.3544001640506789e-08
2965,0.29650000000000004,1.3693656542090155e-08
2966,0.29660000000000003,1.3844917144586492e-08
2967,0.2967,1.3997800323503693e-08
2968,0.2968,1.4152322983720222e-08
2969,0.2969,1.4308502224388836e-08
2970,0.29700000000000004,1.4466355139559047e-08
2971,0.29710000000000003,1.462589926971277e-08
2972,0.2972,1.4787152254994715e-08
2973,0.2973,1.4950131687612787e-08
2974,0.2974,1.5114855607221588e-08
2975,0.2975,1.5281342188585708e-08
2976,0.29760000000000003,1.54496096373837e-08
2977,0.2977,1.5619676442573682e-08
2978,0.2978,1.579156146387865e-08
2979,0.2979,1.5965283244470274e-08
2980,0.298,1.6140861090504393e-08
2981,0.29810000000000003,1.6318314235872003e-08
2982,0.2982,1.6497661885620365e-08
2983,0.2983,1.6678923965724884e-08
2984,0.2984,1.6862120138647433e-08
2985,0.2985,1.7047270483415236e-08
2986,0.29860000000000003,1.7234395225708506e-08
2987,0.2987,1.7423514869029888e-08
2988,0.2988,1.7614649968046602e-08
2989,0.2989,1.780782147810769e-08
2990,0.299,1.800305037132313e-08
2991,0.29910000000000003,1.820035788134428e-08
2992,0.2992,1.8399765564977736e-08
2993,0.2993,1.860129514520876e-08
2994,0.2994,1.8804968432672088e-08
2995,0.2995,1.901080770219229e-08
2996,0.29960000000000003,1.9218835133047537e-08
2997,0.2997,1.9429073430740624e-08
2998,0.2998,1.9641545433490616e-08
2999,0.2999,1.9856274182536732e-08
3000,0.3,2.0073282852278785e-08
3001,0.30010000000000003,2.0292594908346974e-08
3002,0.3002,2.0514234090490643e-08
3003,0.3003,2.0738224570987208e-08
3004,0.3004,2.096459028798268e-08
3005,0.3005,2.1193355990302106e-08
3006,0.30060000000000003,2.1424546193153607e-08
3007,0.3007,2.1658185819319783e-08
3008,0.3008,2.1894300085485335e-08
3009,0.3009,2.2132914511470806e-08
3010,0.301,2.2374054630344462e-08
3011,0.30110000000000003,2.261774656926843e-08
3012,0.3012,2.2864016522190155e-08
3013,0.3013,2.3112890820356827e-08
3014,0.3014,2.3364396408225928e-08
3015,0.3015,2.36185601570288e-08
3016,0.30160000000000003,2.3875409358277687e-08
3017,0.3017,1.4121069092235328e-08
3018,0.3018,1.4279270690215382e-08
3019,0.3019,1.443919516135091e-08
3020,0.302,1.4600860747499903e-08
3021,0.30210000000000004,1.4764285853834326e-08
3022,0.3022,1.492948903140735e-08
3023,0.3023,1.509648915408233e-08
3024,0.3024,1.5265305330638314e-08
3025,0.3025,1.543595644533355e-08
3026,0.30260000000000004,1.5608462201204595e-08
3027,0.3027,1.5782841794195342e-08
3028,0.3028,1.595911548772821e-08
3029,0.3029,1.6137302896800273e-08
3030,0.303,1.6317424235664116e-08
3031,0.30310000000000004,1.649950007956858e-08
3032,0.3032,1.6683550939912996e-08
3033,0.3033,1.686959768964252e-08
3034,0.3034,1.7057661288884012e-08
3035,0.3035,1.7247763068929735e-08
3036,0.30360000000000004,1.743992428022236e-08
3037,0.3037,1.763416673133355e-08
3038,0.3038,1.783051247903876e-08
3039,0.3039,1.8028983508895122e-08
3040,0.304,1.822960222380564e-08
3041,0.30410000000000004,1.8432391044664876e-08
3042,0.3042,1.8637372934957806e-08
3043,0.3043,1.8844570903505633e-08
3044,0.3044,1.905400823583259e-08
3045,0.3045,1.9265708521276743e-08
3046,0.30460000000000004,1.9479695359629386e-08
3047,0.3047,1.969599278861147e-08
3048,0.3048,1.9914625248908824e-08
3049,0.3049,2.0135616960930856e-08
3050,0.305,2.0358992860490916e-08
3051,0.30510000000000004,2.0584777841896417e-08
3052,0.3052,2.0812997293091007e-08
3053,0.3053,2.1043676453893238e-08
3054,0.3054,2.127684143336293e-08
3055,0.3055,2.1512517898501247e-08
3056,0.30560000000000004,2.1750732413377593e-08
3057,0.3057,2.1991511278919326e-08
3058,0.3058,2.2234881748068568e-08
3059,0.3059,2.248087045359315e-08
3060,0.306,2.2729505106449724e-08
3061,0.30610000000000004,2.2980813182241914e-08
3062,0.3062,2.3234822475695148e-08
3063,0.3063,2.3491561602500103e-08
3064,0.3064,2.3751058907959422e-08
3065,0.3065,2.4013343084660686e-08
3066,0.30660000000000004,2.427844325364514e-08
3067,0.30670000000000003,2.4546388794718976e-08
3068,0.3068,1.4765691171693602e-08
3069,0.3069,1.4933417813818144e-08
3070,0.307,1.51029981511163e-08
3071,0.30710000000000004,1.527445226622209e-08
3072,0.30720000000000003,1.54478002657034e-08
3073,0.3073,1.5623062441744596e-08
3074,0.3074,1.5800259191542e-08
3075,0.3075,1.59794117814335e-08
3076,0.30760000000000004,1.6160540532062975e-08
3077,0.30770000000000003,1.6343667155257116e-08
3078,0.3078,1.6528812839889854e-08
3079,0.3079,1.6715999447978142e-08
3080,0.308,1.6905248615451504e-08
3081,0.30810000000000004,1.7096582562260364e-08
3082,0.30820000000000003,1.7290023741943924e-08
3083,0.3083,1.7485594535572035e-08
3084,0.3084,1.7683317765412057e-08
3085,0.3085,1.7883216632479066e-08
3086,0.30860000000000004,1.808531414882281e-08
3087,0.30870000000000003,1.8289634138761996e-08
3088,0.3088,1.84962002924036e-08
3089,0.3089,1.8705036481399505e-08
3090,0.309,1.8916167030156698e-08
3091,0.30910000000000004,1.912961649064969e-08
3092,0.30920000000000003,1.9345409796386406e-08
3093,0.3093,1.956357171148773e-08
3094,0.3094,1.9784127707609767e-08
3095,0.3095,2.0007103177979405e-08
3096,0.30960000000000004,2.0232524079740278e-08
3097,0.30970000000000003,2.0460416346401313e-08
3098,0.3098,2.0690806539740896e-08
3099,0.3099,2.0923721216685927e-08
3100,0.31,2.1159187264521012e-08
3101,0.31010000000000004,2.13972318197929e-08
3102,0.31020000000000003,2.1637882504406708e-08
3103,0.3103,2.188116679145273e-08
3104,0.3104,2.2127113021087904e-08
3105,0.3105,2.2375749303696143e-08
3106,0.3106,2.262710441826828e-08
3107,0.31070000000000003,2.2881207204947958e-08
3108,0.3108,2.3138086801276978e-08
3109,0.3109,2.339777304247334e-08
3110,0.311,2.3660295417088535e-08
3111,0.3111,2.392568406667229e-08
3112,0.31120000000000003,2.4193969623031857e-08
3113,0.3113,2.4465182863189855e-08
3114,0.3114,2.4739354627639765e-08
3115,0.3115,2.5016516548800498e-08
3116,0.3116,1.5286455668449154e-08
3117,0.31170000000000003,1.5462572962948996e-08
3118,0.3118,1.5640666404565002e-08
3119,0.3119,1.582075739014692e-08
3120,0.312,1.6002867742951572e-08
3121,0.3121,1.618701973153127e-08
3122,0.31220000000000003,1.6373235230851527e-08
3123,0.3123,1.6561537109153243e-08
3124,0.3124,1.6751947823260286e-08
3125,0.3125,1.6944490842838487e-08
3126,0.3126,1.713918894330168e-08
3127,0.31270000000000003,1.733606576763282e-08
3128,0.3128,1.7535145096278008e-08
3129,0.3129,1.7736450902198243e-08
3130,0.313,1.7940007296238612e-08
3131,0.3131,1.814583909472155e-08
3132,0.31320000000000003,1.8353970630401264e-08
3133,0.3133,1.856442730846224e-08
3134,0.3134,1.87772341791209e-08
3135,0.3135,1.8992416862534665e-08
3136,0.3136,1.921000125633572e-08
3137,0.31370000000000003,1.9430013315959122e-08
3138,0.3138,1.965247954999418e-08
3139,0.3139,1.9877426516376878e-08
3140,0.314,2.0104881198725625e-08
3141,0.3141,2.0334870850890505e-08
3142,0.31420000000000003,2.0567422960597067e-08
3143,0.3143,2.080256526814177e-08
3144,0.3144,2.104032584026205e-08
3145,0.3145,2.128073302463984e-08
3146,0.3146,2.152381590088775e-08
3147,0.31470000000000004,2.1769603039839528e-08
3148,0.3148,2.2018123836918615e-08
3149,0.3149,2.226940788748805e-08
3150,0.315,2.252348506998047e-08
3151,0.3151,2.2780385850234695e-08
3152,0.31520000000000004,2.3040140582163016e-08
3153,0.3153,2.3302780078922212e-08
3154,0.3154,2.3568335733434583e-08
3155,0.3155,2.3836838956705008e-08
3156,0.3156,2.4108321629815526e-08
3157,0.31570000000000004,2.4382815763180045e-08
3158,0.3158,2.466035441054189e-08
3159,0.3159,2.494096980535029e-08
3160,0.316,2.522469576093503e-08
3161,0.3161,2.5511565242934572e-08
3162,0.31620000000000004,2.5801612539884008e-08
3163,0.3163,1.6006627588523256e-08
3164,0.3164,1.619362281030689e-08
3165,0.3165,1.6382747354251626e-08
3166,0.3166,1.6574024849302798e-08
3167,0.31670000000000004,1.6767479025904353e-08
3168,0.3168,1.6963134077257753e-08
3169,0.3169,1.7161014613694063e-08
3170,0.317,1.7361144903484175e-08
3171,0.3171,1.756355028111493e-08
3172,0.31720000000000004,1.7768255600544873e-08
3173,0.3173,1.7975286579227046e-08
3174,0.3174,1.8184668918053375e-08
3175,0.3175,1.8396428514733388e-08
3176,0.3176,1.8610591714710058e-08
3177,0.31770000000000004,1.8827185135376673e-08
3178,0.3178,1.9046235861531755e-08
3179,0.3179,1.9267770730566245e-08
3180,0.318,1.949181729871831e-08
3181,0.3181,1.9718403395848445e-08
3182,0.31820000000000004,1.9947557079314625e-08
3183,0.3183,2.017930651332857e-08
3184,0.3184,2.0413680508868212e-08
3185,0.3185,2.0650708133633123e-08
3186,0.3186,2.089041849820398e-08
3187,0.31870000000000004,2.1132841175258664e-08
3188,0.31880000000000003,2.1378006162970568e-08
3189,0.3189,2.1625943783086605e-08
3190,0.319,2.1876684392325256e-08
3191,0.3191,2.2130259053940766e-08
3192,0.31920000000000004,2.238669890432159e-08
3193,0.31930000000000003,2.2646035479708343e-08
3194,0.3194,2.2908300642075348e-08
3195,0.3195,2.3173526588922746e-08
3196,0.3196,2.3441746236761922e-08
3197,0.31970000000000004,2.371299211014893e-08
3198,0.31980000000000003,2.398729758426194e-08
3199,0.3199,2.426469640928885e-08
3200,0.32,2.4545222420992203e-08
3201,0.3201,2.4828910279946673e-08
3202,0.32020000000000004,2.511579433091578e-08
3203,0.32030000000000003,2.54059101189984e-08
3204,0.3204,2.5699292780612873e-08
3205,0.3205,2.599597820445268e-08
3206,0.3206,2.629600284517471e-08
3207,0.32070000000000004,1.654307844897461e-08
3208,0.32080000000000003,1.673911374975864e-08
3209,0.3209,1.693741529703582e-08
3210,0.321,1.7138008574032045e-08
3211,0.3211,1.7340919252784675e-08
3212,0.32120000000000004,1.7546173335220974e-08
3213,0.32130000000000003,1.7753797773470468e-08
3214,0.3214,1.7963818629973445e-08
3215,0.3215,1.8176263190470934e-08
3216,0.3216,1.839115884721856e-08
3217,0.32170000000000004,1.860853292984446e-08
3218,0.32180000000000003,1.8828413429480662e-08
3219,0.3219,1.905082848224044e-08
3220,0.322,1.9275806802347924e-08
3221,0.3221,1.9503377005107884e-08
3222,0.32220000000000004,1.9733568011670577e-08
3223,0.32230000000000003,1.996640977485845e-08
3224,0.3224,2.0201931678679636e-08
3225,0.3225,2.044016400795198e-08
3226,0.3226,2.068113693125237e-08
3227,0.32270000000000004,2.092488165144898e-08
3228,0.32280000000000003,2.1171428803227105e-08
3229,0.3229,2.1420810047235745e-08
3230,0.323,2.1673057250231042e-08
3231,0.3231,2.1928202268122775e-08
3232,0.32320000000000004,2.2186277730012533e-08
3233,0.32330000000000003,2.244731655738135e-08
3234,0.3234,2.271135184159572e-08
3235,0.3235,2.2978417307450976e-08
3236,0.3236,2.324854651009272e-08
3237,0.32370000000000004,2.3521773970103934e-08
3238,0.32380000000000003,2.3798134304188433e-08
3239,0.3239,2.407766263236471e-08
3240,0.324,2.4360394379801422e-08
3241,0.3241,2.464636530564692e-08
3242,0.3242,2.4935611588769555e-08
3243,0.32430000000000003,2.52281699420936e-08
3244,0.3244,2.552407715821365e-08
3245,0.3245,2.5823370849292743e-08
3246,0.3246,2.612608880307365e-08
3247,0.3247,2.6432268954610596e-08
3248,0.32480000000000003,2.674195028834987e-08
3249,0.3249,1.7046902884499275e-08
3250,0.325,1.7251820766124896e-08
3251,0.3251,1.7459143672209238e-08
3252,0.3252,1.766889906011629e-08
3253,0.32530000000000003,1.7881114522986732e-08
3254,0.3254,1.80958185983702e-08
3255,0.3255,1.8313039504219502e-08
3256,0.3256,1.853280609959468e-08
3257,0.3257,1.875514765711361e-08
3258,0.32580000000000003,1.8980093387380584e-08
3259,0.3259,1.9207673343814347e-08
3260,0.326,1.9437917194653636e-08
3261,0.3261,1.9670856061968952e-08
3262,0.3262,1.9906520245019838e-08
3263,0.32630000000000003,2.0144940916656607e-08
3264,0.3264,2.0386149599870205e-08
3265,0.3265,2.063017822553605e-08
3266,0.3266,2.0877058817949334e-08
3267,0.3267,2.1126824086977285e-08
3268,0.32680000000000003,2.1379506941883123e-08
3269,0.3269,2.163514048201921e-08
3270,0.327,2.1893758379388853e-08
3271,0.3271,2.215539478385354e-08
3272,0.3272,2.2420084056012024e-08
3273,0.32730000000000004,2.2687860949235816e-08
3274,0.3274,2.295876060064002e-08
3275,0.3275,2.3232818416735785e-08
3276,0.3276,2.351007074408258e-08
3277,0.3277,2.3790553654172357e-08
3278,0.32780000000000004,2.407430394901339e-08
3279,0.3279,2.436135879797135e-08
3280,0.328,2.4651755834140582e-08
3281,0.3281,2.4945532953589785e-08
3282,0.3282,2.524272859390311e-08
3283,0.32830000000000004,2.5543381619785874e-08
3284,0.3284,2.5847531496433265e-08
3285,0.3285,2.6155217493408525e-08
3286,0.3286,2.6466480173047333e-08
3287,0.3287,2.6781359989605955e-08
3288,0.32880000000000004,2.70998978656762e-08
3289,0.3289,2.742213551008173e-08
3290,0.329,1.7704140914450185e-08
3291,0.3291,1.791998509993182e-08
3292,0.3292,1.8138400389858735e-08
3293,0.32930000000000004,1.835941664534395e-08
3294,0.3294,1.8583064184716203e-08
3295,0.3295,1.8809373697481607e-08
3296,0.3296,1.9038375994346117e-08
3297,0.3297,1.927010238319466e-08
3298,0.32980000000000004,1.9504584737272997e-08
3299,0.3299,1.97418547245544e-08
3300,0.33,1.998194515779854e-08
3301,0.3301,2.0224888433124936e-08
3302,0.3302,2.047071792882742e-08
3303,0.33030000000000004,2.0719466944794222e-08
3304,0.3304,2.097116933973284e-08
3305,0.3305,2.1225859657545826e-08
3306,0.3306,2.1483572248938273e-08
3307,0.3307,2.1744342450361604e-08
3308,0.33080000000000004,2.2008205386456205e-08
3309,0.3309,2.2275197198040117e-08
3310,0.331,2.254535394062186e-08
3311,0.3311,2.2818712406843806e-08
3312,0.3312,2.3095309604762557e-08
3313,0.33130000000000004,2.3375182816215262e-08
3314,0.33140000000000003,2.3658370556164614e-08
3315,0.3315,2.3944910510583465e-08
3316,0.3316,2.4234841958303395e-08
3317,0.3317,2.4528203805150677e-08
3318,0.33180000000000004,2.4825035882917108e-08
3319,0.33190000000000003,2.512537817457598e-08
3320,0.332,2.542927144522553e-08
3321,0.3321,2.5736756495739826e-08
3322,0.3322,2.6047875026961452e-08
3323,0.33230000000000004,2.63626689319301e-08
3324,0.33240000000000003,2.668118046127454e-08
3325,0.3325,2.7003452729066383e-08
3326,0.3326,2.7329529072403317e-08
3327,0.3327,2.7659453440664555e-08
3328,0.33280000000000004,2.799327026017032e-08
3329,0.33290000000000003,1.8290330338188604e-08
3330,0.333,1.8516513731718557e-08
3331,0.3331,1.874543206318343e-08
3332,0.3332,1.8977117771220318e-08
3333,0.33330000000000004,1.9211603252656584e-08
3334,0.33340000000000003,1.944892173946711e-08
3335,0.3335,1.968910686130414e-08
3336,0.3336,1.993219220723788e-08
3337,0.3337,2.0178212174240893e-08
3338,0.33380000000000004,2.0427201490251615e-08
3339,0.33390000000000003,2.0679195009655258e-08
3340,0.334,2.093422825036979e-08
3341,0.3341,2.1192337209232388e-08
3342,0.3342,2.1453557864455875e-08
3343,0.33430000000000004,2.171792716247023e-08
3344,0.33440000000000003,2.1985482051635598e-08
3345,0.3345,2.225626026437766e-08
3346,0.3346,2.2530299545651107e-08
3347,0.3347,2.2807638572523057e-08
3348,0.33480000000000004,2.308831591816674e-08
3349,0.33490000000000003,2.3372371050131968e-08
3350,0.335,2.365984378326261e-08
3351,0.3351,2.3950774123430284e-08
3352,0.3352,2.4245202816435078e-08
3353,0.33530000000000004,2.4543171270636825e-08
3354,0.33540000000000003,2.4844720587306618e-08
3355,0.3355,2.5149893433171378e-08
3356,0.3356,2.545873191400128e-08
3357,0.3357,2.5771279300703425e-08
3358,0.33580000000000004,2.608757926538509e-08
3359,0.33590000000000003,2.6407675646239618e-08
3360,0.336,2.673161316467441e-08
3361,0.3361,2.7059436935343667e-08
3362,0.3362,2.739119237821593e-08
3363,0.33630000000000004,2.7726925848076482e-08
3364,0.33640000000000003,2.8066683741043364e-08
3365,0.3365,2.841051351748465e-08
3366,0.3366,2.8758462552383517e-08
3367,0.3367,1.9008132354546392e-08
3368,0.33680000000000004,1.9246519582262243e-08
3369,0.33690000000000003,1.9487832305346823e-08
3370,0.337,1.9732105226806893e-08
3371,0.3371,1.9979374358985702e-08
3372,0.3372,2.0229675556853335e-08
3373,0.3373,2.048304517828517e-08
3374,0.33740000000000003,2.0739519976264775e-08
3375,0.3375,2.0999137336172748e-08
3376,0.3376,2.1261934802997962e-08
3377,0.3377,2.152795037764169e-08
3378,0.3378,2.1797223030973313e-08
3379,0.33790000000000003,2.2069791460726814e-08
3380,0.338,2.2345695266720655e-08
3381,0.3381,2.262497438881825e-08
3382,0.3382,2.2907669265535624e-08
3383,0.3383,2.319382067649779e-08
3384,0.33840000000000003,2.3483470108859735e-08
3385,0.3385,2.377665934272325e-08
3386,0.3386,2.4073430837495755e-08
3387,0.3387,2.437382717841508e-08
3388,0.3388,2.467789180949667e-08
3389,0.33890000000000003,2.4985668697926908e-08
3390,0.339,2.5297202295128804e-08
3391,0.3391,2.561253722022492e-08
3392,0.3392,2.593171889476024e-08
3393,0.3393,2.625479337521155e-08
3394,0.33940000000000003,2.658180719511942e-08
3395,0.3395,2.6912807256557315e-08
3396,0.3396,2.7247841048982283e-08
3397,0.3397,2.7586956759247796e-08
3398,0.3398,2.7930203153365633e-08
3399,0.33990000000000004,2.827762938851054e-08
3400,0.34,2.8629285391168242e-08
3401,0.3401,2.89852214307201e-08
3402,0.3402,2.9345488567348414e-08
3403,0.3403,1.9607043106708514e-08
3404,0.34040000000000004,1.9856451865158586e-08
3405,0.3405,2.010896717482745e-08
3406,0.3406,2.0364626840158524e-08
3407,0.3407,2.0623469324363547e-08
3408,0.3408,2.0885533242288606e-08
3409,0.34090000000000004,2.1150858137805457e-08
3410,0.341,2.1419483617947007e-08
3411,0.3411,2.1691449751750178e-08
3412,0.3412,2.1966797549586375e-08
3413,0.3413,2.2245567907001173e-08
3414,0.34140000000000004,2.2527802512579392e-08
3415,0.3415,2.281354380911314e-08
3416,0.3416,2.3102834165888255e-08
3417,0.3417,2.33957170271149e-08
3418,0.3418,2.3692235724527644e-08
3419,0.34190000000000004,2.399243468639225e-08
3420,0.342,2.429635879925486e-08
3421,0.3421,2.46040531685516e-08
3422,0.3422,2.4915563388924332e-08
3423,0.3423,2.5230936285264602e-08
3424,0.34240000000000004,2.5550218423195654e-08
3425,0.3425,2.5873457480162354e-08
3426,0.3426,2.620070128561865e-08
3427,0.3427,2.6531998682645046e-08
3428,0.3428,2.686739862754886e-08
3429,0.34290000000000004,2.720695093165061e-08
3430,0.343,2.7550706182246205e-08
3431,0.3431,2.7898715131902474e-08
3432,0.3432,2.8251029230299267e-08
3433,0.3433,2.860770086599644e-08
3434,0.34340000000000004,2.8968782905991807e-08
3435,0.3435,2.9334328545727567e-08
3436,0.3436,2.9704391861872896e-08
3437,0.3437,2.0048819532004885e-08
3438,0.3438,2.0307520085244203e-08
3439,0.34390000000000004,2.0569491477000796e-08
3440,0.34400000000000003,2.083477408866659e-08
3441,0.3441,2.1103409190295575e-08
3442,0.3442,2.1375438237564778e-08
3443,0.3443,2.1650903234278476e-08
3444,0.34440000000000004,2.1929846753232518e-08
3445,0.34450000000000003,2.2212311765789094e-08
3446,0.3446,2.2498342146020546e-08
3447,0.3447,2.278798137220338e-08
3448,0.3448,2.3081274612422885e-08
3449,0.34490000000000004,2.3378266942545135e-08
3450,0.34500000000000003,2.3679003910735285e-08
3451,0.3451,2.398353204243444e-08
3452,0.3452,2.4291897873046676e-08
3453,0.3453,2.4604149048029218e-08
3454,0.34540000000000004,2.4920333708569247e-08
3455,0.34550000000000003,2.5240500209456346e-08
3456,0.3456,2.5564697513289506e-08
3457,0.3457,2.5892975565158535e-08
3458,0.3458,2.6225384829033512e-08
3459,0.34590000000000004,2.6561976207551923e-08
3460,0.34600000000000003,2.6902801022346994e-08
3461,0.3461,2.7247911773310606e-08
3462,0.3462,2.7597361229468427e-08
3463,0.3463,2.795120278356864e-08
3464,0.34640000000000004,2.8309490645280376e-08
3465,0.34650000000000003,2.8672279508059825e-08
3466,0.3466,2.9039624732124064e-08
3467,0.3467,2.9411582649348833e-08
3468,0.3468,2.9788209925956e-08
3469,0.34690000000000004,3.0169563907663964e-08
3470,0.34700000000000003,3.055570286400634e-08
3471,0.3471,2.0831197609313594e-08
3472,0.3472,2.1103759472544654e-08
3473,0.3473,2.1379818130960808e-08
3474,0.34740000000000004,2.1659417273255743e-08
3475,0.34750000000000003,2.1942601742260608e-08
3476,0.3476,2.2229416550984675e-08
3477,0.3477,2.2519907065729346e-08
3478,0.3478,2.2814120195969804e-08
3479,0.34790000000000004,2.3112102016933173e-08
3480,0.34800000000000003,2.3413899975656834e-08
3481,0.3481,2.3719562373966015e-08
3482,0.3482,2.4029137626643667e-08
3483,0.3483,2.434267458730366e-08
3484,0.34840000000000004,2.4660223170153076e-08
3485,0.34850000000000003,2.498183379117375e-08
3486,0.3486,2.5307557378955048e-08
3487,0.3487,2.5637445365159e-08
3488,0.3488,2.5971550307083544e-08
3489,0.34890000000000004,2.6309924777578682e-08
3490,0.34900000000000003,2.6652622211692425e-08
3491,0.3491,2.6999697234359193e-08
3492,0.3492,2.735120444737687e-08
3493,0.3493,2.770719922567191e-08
3494,0.34940000000000004,2.806773790215561e-08
3495,0.34950000000000003,2.843287735015945e-08
3496,0.3496,2.8802675392873908e-08
3497,0.3497,2.917718988466534e-08
3498,0.3498,2.9556480306076256e-08
3499,0.34990000000000004,2.9940606006920395e-08
3500,0.35000000000000003,3.03296277610392e-08
3501,0.3501,3.0723606601636846e-08
3502,0.3502,3.1122604599519365e-08
3503,0.3503,2.1417260448459052e-08
3504,0.3504,2.1701455775091904e-08
3505,0.35050000000000003,2.198935108539902e-08
3506,0.3506,2.2280993333494623e-08
3507,0.3507,2.2576430610206626e-08
3508,0.3508,2.2875711303808407e-08
3509,0.3509,2.3178884531154973e-08
3510,0.35100000000000003,2.3485999995011554e-08
3511,0.3511,2.3797107984813605e-08
3512,0.3512,2.411225952114471e-08
3513,0.3513,2.443150586381392e-08
3514,0.3514,2.475489939545998e-08
3515,0.35150000000000003,2.5082493325115754e-08
3516,0.3516,2.5414340846569452e-08
3517,0.3517,2.5750496053198237e-08
3518,0.3518,2.6091014257942814e-08
3519,0.3519,2.6435950698919965e-08
3520,0.35200000000000004,2.678536173275045e-08
3521,0.3521,2.713930451701642e-08
3522,0.3522,2.749783659952204e-08
3523,0.3523,2.7861016186501837e-08
3524,0.3524,2.822890273060486e-08
3525,0.35250000000000004,2.8601555964040607e-08
3526,0.3526,2.8979036537888086e-08
3527,0.3527,2.9361405930524238e-08
3528,0.3528,2.9748726180584916e-08
3529,0.3529,3.014106012491728e-08
3530,0.35300000000000004,3.0538471719481075e-08
3531,0.3531,3.0941024988087094e-08
3532,0.3532,3.134878604590598e-08
3533,0.3533,2.1761784567718847e-08
3534,0.3534,2.205467698208858e-08
3535,0.35350000000000004,2.2351439167190662e-08
3536,0.3536,2.265212162770898e-08
3537,0.3537,2.2956774911562977e-08
3538,0.3538,2.3265450550974995e-08
3539,0.3539,2.3578200712073334e-08
3540,0.35400000000000004,2.389507841300617e-08
3541,0.3541,2.421613670739098e-08
3542,0.3542,2.4541430257979742e-08
3543,0.3543,2.4871013412602533e-08
3544,0.3544,2.520494234797491e-08
3545,0.35450000000000004,2.5543272761466248e-08
3546,0.3546,2.5886062150627635e-08
3547,0.3547,2.6233367731705876e-08
3548,0.3548,2.6585248305903553e-08
3549,0.3549,2.6941762912944685e-08
3550,0.35500000000000004,2.730297141241494e-08
3551,0.3551,2.7668934775456208e-08
3552,0.3552,2.8039714058376994e-08
3553,0.3553,2.84153719293364e-08
3554,0.3554,2.8795971257709055e-08
3555,0.35550000000000004,2.9181575852054056e-08
3556,0.3556,2.9572250450948538e-08
3557,0.3557,2.996806038109654e-08
3558,0.3558,3.0369072161261046e-08
3559,0.3559,3.0775352994098224e-08
3560,0.35600000000000004,3.1186970569308284e-08
3561,0.3561,3.1603993792835475e-08
3562,0.3562,3.2026492642711815e-08
3563,0.3563,2.2425221046153722e-08
3564,0.3564,2.2731248416378993e-08
3565,0.35650000000000004,2.3041377782726592e-08
3566,0.35660000000000003,2.33556632384217e-08
3567,0.3567,2.3674159621792148e-08
3568,0.3568,2.3996922256501744e-08
3569,0.3569,2.432400743202954e-08
3570,0.35700000000000004,2.4655471841446142e-08
3571,0.35710000000000003,2.4991373302119432e-08
3572,0.3572,2.533176996369372e-08
3573,0.3573,2.567672116486673e-08
3574,0.3574,2.602628658877821e-08
3575,0.35750000000000004,2.6380526911286737e-08
3576,0.35760000000000003,2.6739503802270476e-08
3577,0.3577,2.710327912185004e-08
3578,0.3578,2.7471916363834296e-08
3579,0.3579,2.7845479078240654e-08
3580,0.35800000000000004,2.822403195957056e-08
3581,0.35810000000000003,2.86076407122406e-08
3582,0.3582,2.8996371245694654e-08
3583,0.3583,2.939029140265477e-08
3584,0.3584,2.9789468604618408e-08
3585,0.35850000000000004,3.019397253378082e-08
3586,0.35860000000000003,3.060387249465959e-08
3587,0.3587,3.1019239363636904e-08
3588,0.3588,3.144014474154496e-08
3589,0.3589,3.186666168891657e-08
3590,0.35900000000000004,3.2298863216842165e-08
3591,0.35910000000000003,3.273682356736507e-08
3592,0.3592,2.3113531005362824e-08
3593,0.3593,2.3433317159087032e-08
3594,0.3594,2.3757451640743533e-08
3595,0.35950000000000004,2.40859924718597e-08
3596,0.35960000000000003,2.4418998743711244e-08
3597,0.3597,2.475652964092167e-08
3598,0.3598,2.5098646418690945e-08
3599,0.3599,2.5445409481065016e-08
3600,0.36000000000000004,2.5796881589114222e-08
3601,0.36010000000000003,2.6153124990600706e-08
3602,0.3602,2.6514203977632398e-08
3603,0.3603,2.6880182625126225e-08
3604,0.3604,2.7251126444326694e-08
3605,0.36050000000000004,2.7627101668162633e-08
3606,0.36060000000000003,2.8008175663225998e-08
3607,0.3607,2.839441586638009e-08
3608,0.3608,2.8785891661977982e-08
3609,0.3609,2.91826726544127e-08
3610,0.36100000000000004,2.9584829618003396e-08
3611,0.36110000000000003,2.999243385466408e-08
3612,0.3612,3.0405558450917803e-08
3613,0.3613,3.082427656941707e-08
3614,0.3614,3.1248662716588956e-08
3615,0.36150000000000004,3.167879252248979e-08
3616,0.36160000000000003,3.211474220320471e-08
3617,0.3617,3.2556589301622864e-08
3618,0.3618,3.300441232959832e-08
3619,0.3619,3.34582907268646e-08
3620,0.36200000000000004,2.3811579034988823e-08
3621,0.36210000000000003,2.4145554691506588e-08
3622,0.3622,2.448413661873831e-08
3623,0.3623,2.482738694968662e-08
3624,0.3624,2.5175369502627198e-08
3625,0.36250000000000004,2.5528148140986456e-08
3626,0.36260000000000003,2.588578772720296e-08
3627,0.3627,2.6248354601090434e-08
3628,0.3628,2.6615915468295447e-08
3629,0.3629,2.69885375916426e-08
3630,0.36300000000000004,2.7366290001401305e-08
3631,0.36310000000000003,2.7749241852547214e-08
3632,0.3632,2.8137463560781966e-08
3633,0.3633,2.853102674045462e-08
3634,0.3634,2.8930003685624687e-08
3635,0.3635,2.9334467572771974e-08
3636,0.36360000000000003,2.974449244065139e-08
3637,0.3637,3.016015378670705e-08
3638,0.3638,3.058152781396818e-08
3639,0.3639,3.1008691612736845e-08
3640,0.364,3.144172375752232e-08
3641,0.36410000000000003,3.188070320213688e-08
3642,0.3642,3.2325710568217026e-08
3643,0.3643,3.2776827178389834e-08
3644,0.3644,3.3234135674901974e-08
3645,0.3645,3.3697719776265655e-08
3646,0.36460000000000004,2.415891543676909e-08
3647,0.3647,2.450247520002368e-08
3648,0.3648,2.4850841398456287e-08
3649,0.3649,2.520408036767907e-08
3650,0.365,2.5562259290688884e-08
3651,0.36510000000000004,2.5925446252293533e-08
3652,0.3652,2.6293709952032684e-08
3653,0.3653,2.6667120516428906e-08
3654,0.3654,2.7045748368697248e-08
3655,0.3655,2.7429665778167148e-08
3656,0.36560000000000004,2.7818944971202668e-08
3657,0.3657,2.821365990548174e-08
3658,0.3658,2.8613885117490994e-08
3659,0.3659,2.9019696814127547e-08
3660,0.366,2.9431171109679264e-08
3661,0.36610000000000004,2.984838624071656e-08
3662,0.3662,3.027142084553786e-08
3663,0.3663,3.0700355078129526e-08
3664,0.3664,3.1135269603397595e-08
3665,0.3665,3.1576246658317855e-08
3666,0.36660000000000004,3.2023369432456605e-08
3667,0.3667,3.2476722369276075e-08
3668,0.3668,3.2936390749587143e-08
3669,0.3669,3.340246140038776e-08
3670,0.367,3.387502168847532e-08
3671,0.36710000000000004,3.4354161109148096e-08
3672,0.3672,2.4809952002838232e-08
3673,0.3673,2.516756816163763e-08
3674,0.3674,2.553025826173598e-08
3675,0.3675,2.589809306266909e-08
3676,0.36760000000000004,2.627114436369671e-08
3677,0.3677,2.6649485306057963e-08
3678,0.3678,2.7033189557636678e-08
3679,0.3679,2.7422332302916004e-08
3680,0.368,2.7816988825062232e-08
3681,0.36810000000000004,2.8217236636344873e-08
3682,0.3682,2.8623153543814697e-08
3683,0.3683,2.9034818564654764e-08
3684,0.3684,2.9452312175386372e-08
3685,0.3685,2.987571508581838e-08
3686,0.36860000000000004,3.030511022169815e-08
3687,0.3687,3.0740580970940145e-08
3688,0.3688,3.118221169079806e-08
3689,0.3689,3.163008870109328e-08
3690,0.369,3.2084298701236985e-08
3691,0.36910000000000004,3.254492992502437e-08
3692,0.36920000000000003,3.301207200230097e-08
3693,0.3693,3.3485815237491306e-08
3694,0.3694,3.396625180891611e-08
3695,0.3695,3.445347462635391e-08
3696,0.36960000000000004,3.4947578423046305e-08
3697,0.36970000000000003,2.541527068749637e-08
3698,0.3698,2.578656989711134e-08
3699,0.3699,2.6163210736769975e-08
3700,0.37,2.654526938577045e-08
3701,0.37010000000000004,2.6932822274347076e-08
3702,0.37020000000000003,2.732594731749045e-08
3703,0.3703,2.7724723678722742e-08
3704,0.3704,2.8129231208683657e-08
3705,0.3705,2.8539551106560806e-08
3706,0.37060000000000004,2.89557656076536e-08
3707,0.37070000000000003,2.9377958201370446e-08
3708,0.3708,2.980621367616111e-08
3709,0.3709,3.024061757908406e-08
3710,0.371,3.0681256975814835e-08
3711,0.37110000000000004,3.112822012715813e-08
3712,0.37120000000000003,3.1581596219284596e-08
3713,0.3713,3.2041476233103145e-08
3714,0.3714,3.250795208893093e-08
3715,0.3715,3.2981116886529935e-08
3716,0.37160000000000004,3.346106513466755e-08
3717,0.37170000000000003,3.394789287239766e-08
3718,0.3718,3.4441696997192494e-08
3719,0.3719,3.4942576298675094e-08
3720,0.372,3.545063048241168e-08
3721,0.37210000000000004,2.5953553152455417e-08
3722,0.37220000000000003,2.6337824049200005e-08
3723,0.3723,2.6727700679529667e-08
3724,0.3724,2.7123263256499068e-08
3725,0.3725,2.7524593980075472e-08
3726,0.37260000000000004,2.793177544959827e-08
3727,0.37270000000000003,2.834489168823948e-08
3728,0.3728,2.8764028330049393e-08
3729,0.3729,2.918927146661827e-08
3730,0.373,2.9620709195767616e-08
3731,0.37310000000000004,3.005843018457018e-08
3732,0.37320000000000003,3.0502524979027864e-08
3733,0.3733,3.095308464252544e-08
3734,0.3734,3.1410202000650124e-08
3735,0.3735,3.187397169801471e-08
3736,0.37360000000000004,3.2344488649882216e-08
3737,0.37370000000000003,3.282184968088544e-08
3738,0.3738,3.330615324337306e-08
3739,0.3739,3.379749874185266e-08
3740,0.374,3.4295987146323185e-08
3741,0.37410000000000004,3.480172060057604e-08
3742,0.37420000000000003,3.5314803353345004e-08
3743,0.3743,3.58353403496208e-08
3744,0.3744,3.636343876355838e-08
3745,0.3745,2.6798737594519802e-08
3746,0.37460000000000004,2.720076019338981e-08
3747,0.37470000000000003,2.7608727384765932e-08
3748,0.3748,2.802272585912812e-08
3749,0.3749,2.844284375341024e-08
3750,0.375,2.8869170082828185e-08
3751,0.37510000000000004,2.930179556424418e-08
3752,0.37520000000000003,2.974081167514622e-08
3753,0.3753,3.018631171863022e-08
3754,0.3754,3.063839041971099e-08
3755,0.3755,3.109714291731234e-08
3756,0.37560000000000004,3.1562667026318676e-08
3757,0.37570000000000003,3.2035060825036165e-08
3758,0.3758,3.2514424918243906e-08
3759,0.3759,3.300086035279071e-08
3760,0.376,3.349447003581851e-08
3761,0.37610000000000005,3.399535839630581e-08
3762,0.37620000000000003,3.450363138695314e-08
3763,0.3763,3.5019396222086955e-08
3764,0.3764,3.554276211633893e-08
3765,0.3765,3.607383929670258e-08
3766,0.3766,3.66127400715083e-08
3767,0.37670000000000003,2.7146377286500915e-08
3768,0.3768,2.755905819764723e-08
3769,0.3769,2.7977925895829572e-08
3770,0.377,2.8403071352423164e-08
3771,0.3771,2.883458770253732e-08
3772,0.37720000000000004,2.9272569200336727e-08
3773,0.3773,2.9717111463026927e-08
3774,0.3774,3.0168311163656333e-08
3775,0.3775,3.06262670696131e-08
3776,0.3776,3.1091078809100326e-08
3777,0.37770000000000004,3.1562847611835175e-08
3778,0.3778,3.2041676255821214e-08
3779,0.3779,3.252766909135517e-08
3780,0.378,3.302093186618802e-08
3781,0.3781,3.35215719372202e-08
3782,0.37820000000000004,3.4029698184051303e-08
3783,0.3783,3.4545421077197035e-08
3784,0.3784,3.5068852680047847e-08
3785,0.3785,3.560010662870039e-08
3786,0.3786,3.613929862081137e-08
3787,0.37870000000000004,3.6686545289092325e-08
3788,0.3788,3.7241965686081026e-08
3789,0.3789,2.77796741891063e-08
3790,0.379,2.8207519604013192e-08
3791,0.3791,2.8641865667203656e-08
3792,0.37920000000000004,2.908281007621883e-08
3793,0.3793,2.9530451635329164e-08
3794,0.3794,2.998489084462647e-08
3795,0.3795,3.044622950278885e-08
3796,0.3796,3.091457110810422e-08
3797,0.37970000000000004,3.139002058310962e-08
3798,0.3798,3.1872684576072106e-08
3799,0.3799,3.236267101894412e-08
3800,0.38,3.286008955099355e-08
3801,0.3801,3.336505156534971e-08
3802,0.38020000000000004,3.3877670077807674e-08
3803,0.3803,3.439805930640216e-08
3804,0.3804,3.492633608496304e-08
3805,0.3805,3.546261832044558e-08
3806,0.3806,3.600702552818392e-08
3807,0.38070000000000004,3.655967961279903e-08
3808,0.3808,3.712070362453395e-08
3809,0.3809,3.769022300757243e-08
3810,0.381,3.826836448935876e-08
3811,0.3811,2.8716679916444364e-08
3812,0.38120000000000004,2.9164648803750772e-08
3813,0.38130000000000003,2.9619514636552996e-08
3814,0.3814,3.0081382514954804e-08
3815,0.3815,3.0550358981937305e-08
3816,0.3816,3.1026551623563285e-08
3817,0.38170000000000004,3.151007046483972e-08
3818,0.38180000000000003,3.200102678981239e-08
3819,0.3819,3.249953362307715e-08
3820,0.382,3.3005705452767625e-08
3821,0.3821,3.351965912582546e-08
3822,0.38220000000000004,3.404151232041613e-08
3823,0.38230000000000003,3.457138526775533e-08
3824,0.3824,3.510939963754136e-08
3825,0.3825,3.565567906516158e-08
3826,0.3826,3.621034876268561e-08
3827,0.38270000000000004,3.677353635973854e-08
3828,0.38280000000000003,3.73453706197357e-08
3829,0.3829,3.7925983097636994e-08
3830,0.383,3.851550688957686e-08
3831,0.3831,2.9059673281532187e-08
3832,0.38320000000000004,2.9518904947313363e-08
3833,0.38330000000000003,2.998530226488319e-08
3834,0.3834,3.045897551999439e-08
3835,0.3835,3.0940037192808905e-08
3836,0.3836,3.142860090663076e-08
3837,0.38370000000000004,3.192478224798503e-08
3838,0.38380000000000003,3.242869882512172e-08
3839,0.3839,3.294046957477479e-08
3840,0.384,3.3460215347404636e-08
3841,0.3841,3.398805929126251e-08
3842,0.38420000000000004,3.452412579959166e-08
3843,0.38430000000000003,3.506854153429888e-08
3844,0.3844,3.5621435147846254e-08
3845,0.3845,3.6182937060899e-08
3846,0.3846,3.6753179599361604e-08
3847,0.38470000000000004,3.73322972778064e-08
3848,0.38480000000000003,3.79204268471391e-08
3849,0.3849,3.851770654354092e-08
3850,0.385,3.912427721557631e-08
3851,0.3851,2.967904681429486e-08
3852,0.38520000000000004,3.015407646662837e-08
3853,0.38530000000000003,3.06366163264295e-08
3854,0.3854,3.112678357822766e-08
3855,0.3855,3.162469732521234e-08
3856,0.3856,3.2130479143854326e-08
3857,0.38570000000000004,3.264425122675088e-08
3858,0.38580000000000003,3.316613869503761e-08
3859,0.3859,3.369626846276367e-08
3860,0.386,3.423476873133045e-08
3861,0.3861,3.478177051456521e-08
3862,0.38620000000000004,3.533740654720425e-08
3863,0.38630000000000003,3.5901811456326866e-08
3864,0.3864,3.647512205729144e-08
3865,0.3865,3.705747724342179e-08
3866,0.3866,3.764901813542514e-08
3867,0.38670000000000004,3.824988783542512e-08
3868,0.38680000000000003,3.886023225469328e-08
3869,0.3869,3.94801987826278e-08
3870,0.387,3.0102907213491374e-08
3871,0.3871,3.0590883434939035e-08
3872,0.38720000000000004,3.108667576286768e-08
3873,0.38730000000000003,3.159040896306358e-08
3874,0.3874,3.2102207788235356e-08
3875,0.3875,3.2622200715620434e-08
3876,0.3876,3.3150516949306274e-08
3877,0.38770000000000004,3.3687288744158885e-08
3878,0.38780000000000003,3.4232649369225265e-08
3879,0.3879,3.478673536519596e-08
3880,0.388,3.5349684427644284e-08
3881,0.3881,3.5921636690230776e-08
3882,0.38820000000000005,3.650273500000008e-08
3883,0.38830000000000003,3.709312347924925e-08
3884,0.3884,3.769294953645626e-08
3885,0.3885,3.830236212152883e-08
3886,0.3886,3.8921512636303636e-08
3887,0.38870000000000005,3.955055516474712e-08
3888,0.38880000000000003,4.0189646408027316e-08
3889,0.3889,3.080051252314432e-08
3890,0.389,3.130607752385264e-08
3891,0.3891,3.181984567164373e-08
3892,0.38920000000000005,3.234194876812767e-08
3893,0.38930000000000003,3.287252079234262e-08
3894,0.3894,3.341169752777491e-08
3895,0.3895,3.395961684913438e-08
3896,0.3896,3.451641920316417e-08
3897,0.38970000000000005,3.508224712195913e-08
3898,0.38980000000000004,3.565724532800976e-08
3899,0.3899,3.624156082800728e-08
3900,0.39,3.683534298398963e-08
3901,0.3901,3.743874366441097e-08
3902,0.3902,3.8051916893595727e-08
3903,0.39030000000000004,3.867501933346628e-08
3904,0.3904,3.930821019543827e-08
3905,0.3905,3.995165106086125e-08
3906,0.3906,4.0605506420463834e-08
3907,0.3907,3.126963148725705e-08
3908,0.39080000000000004,3.1789344953967586e-08
3909,0.3909,3.2317600570987276e-08
3910,0.391,3.2854537074398934e-08
3911,0.3911,3.340029563352004e-08
3912,0.3912,3.3955019933883905e-08
3913,0.39130000000000004,3.451885563127095e-08
3914,0.3914,3.509195093751835e-08
3915,0.3915,3.567445633751582e-08
3916,0.3916,3.6266524866639136e-08
3917,0.3917,3.686831172454073e-08
3918,0.39180000000000004,3.747997494195566e-08
3919,0.3919,3.8101674742629236e-08
3920,0.392,3.8733574737566126e-08
3921,0.3921,3.9375840003692326e-08
3922,0.3922,4.002863918343226e-08
3923,0.39230000000000004,4.069214325062291e-08
3924,0.3924,4.136652577708261e-08
3925,0.3925,3.2008950468818644e-08
3926,0.3926,3.2547531226169716e-08
3927,0.3927,3.309507703723172e-08
3928,0.39280000000000004,3.365173561810669e-08
3929,0.3929,3.4217657033578486e-08
3930,0.393,3.4792993987103524e-08
3931,0.3931,3.537790158268621e-08
3932,0.3932,3.5972537592087884e-08
3933,0.39330000000000004,3.657706180274747e-08
3934,0.3934,3.719163774500971e-08
3935,0.3935,3.7816430396287e-08
3936,0.3936,3.845160819605671e-08
3937,0.3937,3.9097341876256426e-08
3938,0.39380000000000004,3.975380528125228e-08
3939,0.39390000000000003,4.0421175095252125e-08
3940,0.394,4.109963073053063e-08
3941,0.3941,4.1789354319154614e-08
3942,0.3942,3.248286105385037e-08
3943,0.39430000000000004,3.303617064913629e-08
3944,0.39440000000000003,3.35988072898971e-08
3945,0.3945,3.417092718995405e-08
3946,0.3946,3.475268823705459e-08
3947,0.3947,3.534425188688086e-08
3948,0.39480000000000004,3.594578141329751e-08
3949,0.39490000000000003,3.6557443168634095e-08
3950,0.395,3.71794063680121e-08
3951,0.3951,3.78118426308148e-08
3952,0.3952,3.8454926965415905e-08
3953,0.39530000000000004,3.91088368951075e-08
3954,0.39540000000000003,3.977375288869571e-08
3955,0.3955,4.044985847961331e-08
3956,0.3956,4.1137340211756916e-08
3957,0.3957,4.183638763150173e-08
3958,0.39580000000000004,4.2547193996990564e-08
3959,0.39590000000000003,3.322136185009753e-08
3960,0.396,3.379414112749257e-08
3961,0.3961,3.4376696868983654e-08
3962,0.3962,3.496919444711947e-08
3963,0.39630000000000004,3.557180245229077e-08
3964,0.39640000000000003,3.618469146839263e-08
3965,0.3965,3.680803537317828e-08
3966,0.3966,3.744201106398299e-08
3967,0.3967,3.808679820621807e-08
3968,0.39680000000000004,3.874257903947136e-08
3969,0.39690000000000003,3.940954003952929e-08
3970,0.397,4.0087869765093405e-08
3971,0.3971,4.0777760415545e-08
3972,0.3972,4.1479407034200965e-08
3973,0.39730000000000004,4.219300848715859e-08
3974,0.39740000000000003,4.291876641081546e-08
3975,0.3975,3.3653898467309254e-08
3976,0.3976,3.424119717898351e-08
3977,0.3977,3.483864580544943e-08
3978,0.39780000000000004,3.5446418478183715e-08
3979,0.39790000000000003,3.606469168284217e-08
3980,0.398,3.6693645367192634e-08
3981,0.3981,3.733346304997943e-08
3982,0.3982,3.7984329823219225e-08
3983,0.39830000000000004,3.864643540423669e-08
3984,0.39840000000000003,3.931997224307712e-08
3985,0.3985,4.000513577031856e-08
3986,0.3986,4.0702125006435134e-08
3987,0.3987,4.141114242621725e-08
3988,0.39880000000000004,4.2132393788010586e-08
3989,0.39890000000000003,4.286608831248695e-08
3990,0.399,4.361243922322394e-08
3991,0.3991,3.434258024422087e-08
3992,0.3992,3.494908856048217e-08
3993,0.39930000000000004,3.556620891325174e-08
3994,0.39940000000000003,3.61941244359339e-08
3995,0.3995,3.683302298008927e-08
3996,0.3996,3.74830947850616e-08
3997,0.3997,3.814453389440962e-08
3998,0.39980000000000004,3.881753708531321e-08
3999,0.39990000000000003,3.950230550822878e-08
4000,0.4,4.019904235372456e-08
4001,0.4001,4.0907955532924484e-08
4002,0.4002,4.162925605716598e-08
4003,0.40030000000000004,4.236315875537101e-08
4004,0.40040000000000003,4.310988178700814e-08
4005,0.4005,4.386964727815171e-08
4006,0.4006,4.4642681583783385e-08
4007,0.4007,3.5302060733014425e-08
4008,0.40080000000000005,3.593289470350817e-08
4009,0.40090000000000003,3.6574900029638414e-08
4010,0.401,3.722827343348006e-08
4011,0.4011,3.78932141935195e-08
4012,0.4012,3.856992611775374e-08
4013,0.40130000000000005,3.925861529694119e-08
4014,0.40140000000000003,3.995949245378525e-08
4015,0.4015,4.0672771000311244e-08
4016,0.4016,4.139866954132006e-08
4017,0.4017,4.213740914478904e-08
4018,0.40180000000000005,4.288921503590116e-08
4019,0.40190000000000003,4.365431669593633e-08
4020,0.402,4.4432947761545576e-08
4021,0.4021,4.52253450423645e-08
4022,0.4022,3.590418323077066e-08
4023,0.40230000000000005,3.6553373276997495e-08
4024,0.40240000000000004,3.721419979442588e-08
4025,0.4025,3.788687020382393e-08
4026,0.4026,3.857159490096283e-08
4027,0.4027,3.926858863726264e-08
4028,0.40280000000000005,3.997806910031833e-08
4029,0.40290000000000004,4.070025875446455e-08
4030,0.403,4.143538300881717e-08
4031,0.4031,4.21836724122281e-08
4032,0.4032,4.2945360443716576e-08
4033,0.4033,4.3720685684905237e-08
4034,0.40340000000000004,4.4509890269610644e-08
4035,0.4035,4.531322087868582e-08
4036,0.4036,3.610678717995757e-08
4037,0.4037,3.6767369144878914e-08
4038,0.4038,3.7439936291108054e-08
4039,0.40390000000000004,3.812470412422171e-08
4040,0.404,3.882189244053467e-08
4041,0.4041,3.953172481243666e-08
4042,0.4042,4.025442913628515e-08
4043,0.4043,4.099023666844252e-08
4044,0.40440000000000004,4.1739383802254035e-08
4045,0.4045,4.250211058436444e-08
4046,0.4046,4.3278661357585025e-08
4047,0.4047,4.406928480140981e-08
4048,0.4048,4.48742342565595e-08
4049,0.40490000000000004,4.5693767280710015e-08
4050,0.405,4.652814657677846e-08
4051,0.4051,3.722040971047466e-08
4052,0.4052,3.7909223200755326e-08
4053,0.4053,3.861068186538875e-08
4054,0.40540000000000004,3.932501670430394e-08
4055,0.4055,4.005246259887688e-08
4056,0.4056,4.079325813861202e-08
4057,0.4057,4.154764702475418e-08
4058,0.4058,4.231587670037411e-08
4059,0.40590000000000004,4.309819954113955e-08
4060,0.406,4.389487203038771e-08
4061,0.4061,4.4706156307028155e-08
4062,0.4062,4.553231792817065e-08
4063,0.4063,4.6373628046361e-08
4064,0.40640000000000004,3.72237801653377e-08
4065,0.40650000000000003,3.792070714834678e-08
4066,0.4066,3.863058193047783e-08
4067,0.4067,3.9353643738091016e-08
4068,0.4068,4.0090135911971605e-08
4069,0.40690000000000004,4.0840306352175566e-08
4070,0.40700000000000003,4.160440696421e-08
4071,0.4071,4.2382695270101875e-08
4072,0.4072,4.317543251061385e-08
4073,0.4073,4.3982885828194475e-08
4074,0.40740000000000004,4.480532616615391e-08
4075,0.40750000000000003,4.564303022645865e-08
4076,0.4076,4.64962793088992e-08
4077,0.4077,4.736536031744366e-08
4078,0.4078,3.815883584286138e-08
4079,0.40790000000000004,3.88814161826218e-08
4080,0.40800000000000003,3.9617578641705466e-08
4081,0.4081,4.036757651140306e-08
4082,0.4082,4.113166894156647e-08
4083,0.4083,4.1910118512835576e-08
4084,0.40840000000000004,4.270319367579498e-08
4085,0.40850000000000003,4.351116733694579e-08
4086,0.4086,4.4334317950697045e-08
4087,0.4087,4.5172928629869344e-08
4088,0.4088,4.602728819065524e-08
4089,0.40890000000000004,4.689769037042917e-08
4090,0.40900000000000003,4.778443490938853e-08
4091,0.4091,3.862738977373112e-08
4092,0.4092,3.936718677432346e-08
4093,0.4093,4.01210520584817e-08
4094,0.40940000000000004,4.088925215974369e-08
4095,0.40950000000000003,4.167205781225085e-08
4096,0.4096,4.2469744865489015e-08
4097,0.4097,4.3282594757268076e-08
4098,0.4098,4.4110894112959404e-08
4099,0.40990000000000004,4.495493479942891e-08
4100,0.41000000000000003,4.581501423071019e-08
4101,0.4101,4.6691435746039615e-08
4102,0.4102,4.758450754961893e-08
4103,0.4103,4.849454455113678e-08
4104,0.41040000000000004,3.9334351670962865e-08
4105,0.41050000000000003,4.009618319253924e-08
4106,0.4106,4.0872670236244046e-08
4107,0.4107,4.1664092929248656e-08
4108,0.4108,4.247073732902452e-08
4109,0.41090000000000004,4.3292894205161665e-08
4110,0.41100000000000003,4.4130860774723467e-08
4111,0.4111,4.498493896737587e-08
4112,0.4112,4.585543717358875e-08
4113,0.4113,4.6742668881608366e-08
4114,0.41140000000000004,4.764695460733777e-08
4115,0.41150000000000003,4.856862026669618e-08
4116,0.4116,4.9507997783369545e-08
4117,0.4117,4.029213775992759e-08
4118,0.4118,4.108122226311736e-08
4119,0.41190000000000004,4.1885660703090854e-08
4120,0.41200000000000003,4.2705750135104917e-08
4121,0.4121,4.354179338507595e-08
4122,0.4122,4.4394099694820685e-08
4123,0.4123,4.526298307843837e-08
4124,0.41240000000000004,4.614876519670501e-08
4125,0.41250000000000003,4.705177211050172e-08
4126,0.4126,4.7972337590302925e-08
4127,0.4127,4.8910801267417036e-08
4128,0.4128,4.986750967839768e-08
4129,0.41290000000000004,4.0711768715099036e-08
4130,0.41300000000000003,4.151796555025617e-08
4131,0.4131,4.2340028689843004e-08
4132,0.4132,4.31782691965196e-08
4133,0.4133,4.403300358168856e-08
4134,0.41340000000000005,4.4904554875099464e-08
4135,0.41350000000000003,4.579325262028993e-08
4136,0.4136,4.669943206001175e-08
4137,0.4137,4.7623436004985665e-08
4138,0.4138,4.856561293160443e-08
4139,0.41390000000000005,4.9526318827332945e-08
4140,0.41400000000000003,5.050591618288931e-08
4141,0.4141,4.1361685077471737e-08
4142,0.4142,4.218979040379412e-08
4143,0.4143,4.303437839142424e-08
4144,0.41440000000000005,4.389577528633139e-08
4145,0.41450000000000004,4.4774313865705476e-08
4146,0.4146,4.567033422106989e-08
4147,0.4147,4.658418227576483e-08
4148,0.4148,4.7516211428418046e-08
4149,0.41490000000000005,4.8466781457965045e-08
4150,0.41500000000000004,4.943625980463903e-08
4151,0.4151,5.042502110559863e-08
4152,0.4152,4.1414123138851225e-08
4153,0.4153,4.225242748293727e-08
4154,0.41540000000000005,4.3107605765159154e-08
4155,0.41550000000000004,4.397999657397727e-08
4156,0.4156,4.486994440044828e-08
4157,0.4157,4.5777801516187265e-08
4158,0.4158,4.670392648742255e-08
4159,0.41590000000000005,4.76486857260793e-08
4160,0.41600000000000004,4.8612452197728404e-08
4161,0.4161,4.9595607156143853e-08
4162,0.4162,5.059853883897219e-08
4163,0.4163,5.162164368037427e-08
4164,0.4164,4.252859072263837e-08
4165,0.41650000000000004,4.339875981383722e-08
4166,0.4166,4.428663889545626e-08
4167,0.4167,4.5192587460131025e-08
4168,0.4168,4.611697162010698e-08
4169,0.4169,4.7060164797196604e-08
4170,0.41700000000000004,4.802254870625215e-08
4171,0.4171,4.9004511999212085e-08
4172,0.4172,5.00064516631953e-08
4173,0.4173,5.102877234699137e-08
4174,0.4174,5.207188756545956e-08
4175,0.41750000000000004,4.302220067082222e-08
4176,0.4176,4.391198614645786e-08
4177,0.4177,4.4820082160779996e-08
4178,0.4178,4.5746863730242594e-08
4179,0.4179,4.669271449997484e-08
4180,0.41800000000000004,4.765802528751621e-08
4181,0.4181,4.864319482423599e-08
4182,0.4182,4.9648630546701016e-08
4183,0.4183,5.067474759181215e-08
4184,0.4184,5.1721969967393105e-08
4185,0.41850000000000004,5.2790730562334784e-08
4186,0.4186,4.374054242239402e-08
4187,0.4187,4.465487023725166e-08
4188,0.4188,4.558822015469997e-08
4189,0.4189,4.654098704105013e-08
4190,0.41900000000000004,4.751357346314591e-08
4191,0.41910000000000003,4.850639013812949e-08
4192,0.4192,4.9519856665662444e-08
4193,0.4193,5.055440094977605e-08
4194,0.4194,5.161046053229148e-08
4195,0.41950000000000004,5.26884807032355e-08
4196,0.41960000000000003,4.376972136283022e-08
4197,0.4197,4.4694449260809065e-08
4198,0.4198,4.5638627022746844e-08
4199,0.4199,4.660266225875643e-08
4200,0.42000000000000004,4.758697106915561e-08
4201,0.42010000000000003,4.8591979147005486e-08
4202,0.4202,4.961812036431108e-08
4203,0.4203,5.066583771497593e-08
4204,0.4204,5.173558337433345e-08
4205,0.42050000000000004,5.2827819668297766e-08
4206,0.42060000000000003,5.3943017560468874e-08
4207,0.4207,4.4939167550388344e-08
4208,0.4208,4.5898579750813546e-08
4209,0.4209,4.687838900789921e-08
4210,0.42100000000000004,4.787902812150413e-08
4211,0.42110000000000003,4.890093867147836e-08
4212,0.4212,4.994457163088925e-08
4213,0.4213,5.1010387352062884e-08
4214,0.4214,5.209885656262637e-08
4215,0.42150000000000004,5.3210459330081906e-08
4216,0.42160000000000003,5.4345685947333584e-08
4217,0.4217,4.539222804888864e-08
4218,0.4218,4.6371491549857976e-08
4219,0.4219,4.737179859701122e-08
4220,0.42200000000000004,4.839360084635621e-08
4221,0.42210000000000003,4.9437358067068164e-08
4222,0.4222,5.050354234651493e-08
4223,0.4223,5.159263301869542e-08
4224,0.4224,5.270512216660797e-08
4225,0.42250000000000004,5.38415107219806e-08
4226,0.42260000000000003,5.500231156335766e-08
4227,0.4227,4.605976194549121e-08
4228,0.4228,4.7063771059592997e-08
4229,0.4229,4.808958616838796e-08
4230,0.42300000000000004,4.913767999785122e-08
4231,0.42310000000000003,5.02085354891634e-08
4232,0.4232,5.13026457113121e-08
4233,0.4233,5.242051477576976e-08
4234,0.4234,5.356265757673494e-08
4235,0.42350000000000004,5.4729600521299174e-08
4236,0.42360000000000003,5.592188061384962e-08
4237,0.4237,4.6950969441238264e-08
4238,0.4238,4.798496945511135e-08
4239,0.4239,4.9041665413127415e-08
4240,0.42400000000000004,5.0121553954393444e-08
4241,0.42410000000000003,5.122514402274441e-08
4242,0.4242,5.235295420245716e-08
4243,0.4243,5.350551555678652e-08
4244,0.4244,5.468336991779236e-08
4245,0.42450000000000004,5.5887072007838674e-08
4246,0.42460000000000003,4.703187714414377e-08
4247,0.4247,4.807833553589576e-08
4248,0.4248,4.914800597357519e-08
4249,0.4249,5.0241402168368275e-08
4250,0.42500000000000004,5.1359049654387767e-08
4251,0.42510000000000003,5.250148559079716e-08
4252,0.4252,5.3669258837065565e-08
4253,0.4253,5.4862930612591225e-08
4254,0.4254,5.608307478420421e-08
4255,0.42550000000000004,4.7307403110278125e-08
4256,0.42560000000000003,4.837074926773988e-08
4257,0.4257,4.9457928543175106e-08
4258,0.4258,5.0569474832242653e-08
4259,0.4259,5.170593404456006e-08
4260,0.42600000000000005,5.286786283468681e-08
4261,0.42610000000000003,5.405583238798658e-08
4262,0.4262,5.527042494889878e-08
4263,0.4263,5.6512237147861303e-08
4264,0.4264,4.778090281123342e-08
4265,0.42650000000000005,4.886577703734322e-08
4266,0.42660000000000003,4.9975220028162965e-08
4267,0.4267,5.1109787616885004e-08
4268,0.4268,5.227004869214486e-08
4269,0.4269,5.345658413959474e-08
4270,0.42700000000000005,5.466998872753178e-08
4271,0.42710000000000004,5.591087014877734e-08
4272,0.4272,5.7179850159012064e-08
4273,0.4273,4.84582442897319e-08
4274,0.4274,4.9569561782449156e-08
4275,0.42750000000000005,5.0706306770006473e-08
4276,0.42760000000000004,5.18690607789944e-08
4277,0.4277,5.3058418115320696e-08
4278,0.4278,5.427498730405803e-08
4279,0.4279,5.551939121800329e-08
4280,0.42800000000000005,5.6792265655101725e-08
4281,0.42810000000000004,5.809426210582683e-08
4282,0.4282,4.934793729052559e-08
4283,0.4283,5.0490953736950554e-08
4284,0.4284,5.166039151319049e-08
4285,0.42850000000000005,5.285686049829298e-08
4286,0.42860000000000004,5.40809856937777e-08
4287,0.4287,5.533340617551127e-08
4288,0.4288,5.661477577375736e-08
4289,0.4289,5.792576354103195e-08
4290,0.42900000000000005,5.926705385694019e-08
4291,0.42910000000000004,5.0461311990022784e-08
4292,0.4292,5.1641699818039407e-08
4293,0.4293,5.2849650855272964e-08
4294,0.4294,5.408580820011949e-08
4295,0.4295,5.535083091150217e-08
4296,0.42960000000000004,5.6645392331556715e-08
4297,0.4297,5.7970183065753134e-08
4298,0.4298,5.932590855248569e-08
4299,0.4299,5.061703813604196e-08
4300,0.43,5.181276659806487e-08
4301,0.43010000000000004,5.303669885831935e-08
4302,0.4302,5.428950057286302e-08
4303,0.4303,5.557185236249755e-08
4304,0.4304,5.688445169138827e-08
4305,0.4305,5.822801252099963e-08
4306,0.43060000000000004,5.9603264862830746e-08
4307,0.4307,5.095985877388736e-08
4308,0.4308,5.217549072786387e-08
4309,0.4309,5.3420084548530276e-08
4310,0.431,5.469433015607546e-08
4311,0.43110000000000004,5.5998934461456015e-08
4312,0.4312,5.733462118372141e-08
4313,0.4313,5.8702131751251015e-08
4314,0.4314,6.010222462799279e-08
4315,0.4315,5.1493603449322464e-08
4316,0.43160000000000004,5.273392785621964e-08
4317,0.43170000000000003,5.400409754344378e-08
4318,0.4318,5.5304831255216004e-08
4319,0.4319,5.663686509753685e-08
4320,0.432,5.800095240601244e-08
4321,0.43210000000000004,5.93978655964227e-08
4322,0.43220000000000003,6.082839549119424e-08
4323,0.4323,5.222427726205859e-08
4324,0.4324,5.349436698537421e-08
4325,0.4325,5.4795321688476825e-08
4326,0.43260000000000004,5.612789224119858e-08
4327,0.43270000000000003,5.749284805966893e-08
4328,0.4328,5.8890976620940637e-08
4329,0.4329,6.032308541906998e-08
4330,0.433,6.179000103818052e-08
4331,0.43310000000000004,5.3160178206832586e-08
4332,0.43320000000000003,5.4465452542192185e-08
4333,0.4333,5.580276024132607e-08
4334,0.4334,5.717288843726503e-08
4335,0.4335,5.857664365952072e-08
4336,0.43360000000000004,6.001485288225091e-08
4337,0.43370000000000003,6.148836236804064e-08
4338,0.4338,6.299804003508216e-08
4339,0.4339,5.431205701637307e-08
4340,0.434,5.5658352001056304e-08
4341,0.43410000000000004,5.7038011709347726e-08
4342,0.43420000000000003,5.8451864239071306e-08
4343,0.4343,5.99007584368204e-08
4344,0.4344,6.138556435271111e-08
4345,0.4345,6.290717368303177e-08
4346,0.43460000000000004,5.433370573822471e-08
4347,0.43470000000000003,5.569332907503418e-08
4348,0.4348,5.708697571945175e-08
4349,0.4349,5.8515497957316195e-08
4350,0.435,5.997977061811755e-08
4351,0.43510000000000004,6.148068999357533e-08
4352,0.43520000000000003,6.301917560416937e-08
4353,0.4353,5.4530682933102134e-08
4354,0.4354,5.590811057677931e-08
4355,0.4355,5.732033999610254e-08
4356,0.43560000000000004,5.8768252477271476e-08
4357,0.43570000000000003,6.02527515408125e-08
4358,0.4358,6.177476399800822e-08
4359,0.4359,6.333523983654411e-08
4360,0.436,5.49049964469315e-08
4361,0.43610000000000004,5.630488251420665e-08
4362,0.43620000000000003,5.774047845641995e-08
4363,0.4363,5.921269649352306e-08
4364,0.4364,6.072247389610767e-08
4365,0.4365,6.227077149487302e-08
4366,0.43660000000000004,6.385857396189767e-08
4367,0.43670000000000003,5.546041068234638e-08
4368,0.4368,5.6887637273435536e-08
4369,0.4369,5.835161883319676e-08
4370,0.437,5.985330523906307e-08
4371,0.43710000000000004,6.139366942076031e-08
4372,0.43720000000000003,6.297371096393075e-08
4373,0.4373,6.459445447793828e-08
4374,0.4374,5.620251382917881e-08
4375,0.4375,5.7662241607464234e-08
4376,0.43760000000000004,5.915991960123038e-08
4377,0.43770000000000003,6.069653745205624e-08
4378,0.4378,6.227311054702434e-08
4379,0.4379,6.389068141670373e-08
4380,0.438,6.555031913778442e-08
4381,0.43810000000000004,5.7138812497830545e-08
4382,0.43820000000000003,5.863653880023174e-08
4383,0.4383,6.017357270045911e-08
4384,0.4384,6.175094872619306e-08
4385,0.4385,6.336972911327901e-08
4386,0.43860000000000005,6.503100504138534e-08
4387,0.43870000000000003,6.673589526820287e-08
4388,0.4388,5.8278863598937296e-08
4389,0.4389,5.982048535681889e-08
4390,0.439,6.140294854440367e-08
4391,0.43910000000000005,6.302733850012815e-08
4392,0.43920000000000003,6.469477046268317e-08
4393,0.4393,6.640638946271639e-08
4394,0.4394,5.808401372861938e-08
4395,0.4395,5.963444025394337e-08
4396,0.43960000000000005,6.122632345683358e-08
4397,0.43970000000000004,6.286077624503492e-08
4398,0.4398,6.453894094957613e-08
4399,0.4399,6.626199177446052e-08
4400,0.44,6.80311337128276e-08
4401,0.44010000000000005,5.961401845950523e-08
4402,0.44020000000000004,6.121974060866154e-08
4403,0.4403,6.286879950518635e-08
4404,0.4404,6.456237041334824e-08
4405,0.4405,6.630165953627038e-08
4406,0.44060000000000005,6.808790586577627e-08
4407,0.44070000000000004,5.97592016332784e-08
4408,0.4408,6.138330296454205e-08
4409,0.4409,6.305164203480022e-08
4410,0.441,6.4765428077899e-08
4411,0.44110000000000005,6.65259056812042e-08
4412,0.44120000000000004,6.833435230970084e-08
4413,0.4413,6.007137285534509e-08
4414,0.4414,6.171855687249708e-08
4415,0.4415,6.341101854958932e-08
4416,0.44160000000000005,6.515000880638356e-08
4417,0.44170000000000004,6.693681215225423e-08
4418,0.4418,6.877275020969702e-08
4419,0.4419,6.055334073612248e-08
4420,0.442,6.222851447974128e-08
4421,0.44210000000000005,6.395015629804306e-08
4422,0.44220000000000004,6.571956157487514e-08
4423,0.4423,6.753806210669111e-08
4424,0.4424,6.94070264398526e-08
4425,0.4425,6.120938272306188e-08
4426,0.44260000000000005,6.291770273346454e-08
4427,0.44270000000000004,6.46738415335957e-08
4428,0.4428,6.647914475604488e-08
4429,0.4429,6.83349958444657e-08
4430,0.443,7.024281779123669e-08
4431,0.4431,6.204531142455958e-08
4432,0.44320000000000004,6.379223116003909e-08
4433,0.4433,6.558849441264298e-08
4434,0.4434,6.743550171330439e-08
4435,0.4435,6.93346950786095e-08
4436,0.4436,7.128755682438041e-08
4437,0.44370000000000004,6.306856083354183e-08
4438,0.44380000000000003,6.485988654959575e-08
4439,0.4439,6.670226722618699e-08
4440,0.444,6.85971659920091e-08
4441,0.4441,7.054608895858599e-08
4442,0.44420000000000004,6.249783715542594e-08
4443,0.44430000000000003,6.428830243985043e-08
4444,0.4444,6.613024988603057e-08
4445,0.4445,6.802516822079923e-08
4446,0.4446,6.997458958600579e-08
4447,0.44470000000000004,7.198009210760548e-08
4448,0.44480000000000003,6.386987300410905e-08
4449,0.4449,6.571558585123454e-08
4450,0.445,6.761484644429247e-08
4451,0.4451,6.956921692949611e-08
4452,0.44520000000000004,7.15803074514597e-08
4453,0.44530000000000003,6.360183266554696e-08
4454,0.4454,6.545554562695979e-08
4455,0.4455,6.736351001917507e-08
4456,0.4456,6.932732368107253e-08
4457,0.44570000000000004,7.134863214809725e-08
4458,0.44580000000000003,7.342913041774998e-08
4459,0.4459,6.534850313686388e-08
4460,0.446,6.726960360663988e-08
4461,0.4461,6.924742988598364e-08
4462,0.44620000000000004,7.128366849115667e-08
4463,0.44630000000000003,7.338005676089281e-08
4464,0.4464,6.53939225889423e-08
4465,0.4465,6.733269222679624e-08
4466,0.4466,6.93292088355154e-08
4467,0.44670000000000004,7.138520425855503e-08
4468,0.44680000000000003,7.350246332549782e-08
4469,0.4469,6.559235226495757e-08
4470,0.447,6.75534592874495e-08
4471,0.4471,6.957348578474947e-08
4472,0.44720000000000004,7.165421522663215e-08
4473,0.44730000000000003,7.379748525561968e-08
4474,0.4474,6.594543609070712e-08
4475,0.4475,6.79337177161246e-08
4476,0.4476,6.99822529984291e-08
4477,0.44770000000000004,7.209288137075707e-08
4478,0.44780000000000003,7.42674999615982e-08
4479,0.4479,6.645593740562851e-08
4480,0.448,6.847643738867976e-08
4481,0.4481,7.055869628889518e-08
4482,0.44820000000000004,7.270461611286386e-08
4483,0.44830000000000003,7.491615906325906e-08
4484,0.4484,6.712777480397094e-08
4485,0.4485,6.918578313467349e-08
4486,0.4486,7.130723826242037e-08
4487,0.44870000000000004,7.349411240275553e-08
4488,0.44880000000000003,7.574843975187103e-08
4489,0.4489,6.796607582237595e-08
4490,0.449,7.006717099986876e-08
4491,0.4491,7.223359808820588e-08
4492,0.44920000000000004,7.446740615721518e-08
4493,0.44930000000000003,7.677070813010584e-08
4494,0.4494,6.897724267402188e-08
4495,0.4495,7.112733917510783e-08
4496,0.4496,7.334486490743226e-08
4497,0.44970000000000004,7.563195293124139e-08
4498,0.44980000000000003,7.79908045606257e-08
4499,0.4499,7.01690376165188e-08
4500,0.45,7.237443704416515e-08
4501,0.4501,7.464959234681448e-08
4502,0.45020000000000004,7.699673002805851e-08
4503,0.45030000000000003,6.935331450476186e-08
4504,0.4504,7.155068543070185e-08
4505,0.4505,7.381813305441512e-08
4506,0.4506,7.615791265754711e-08
4507,0.45070000000000005,7.857235314962012e-08
4508,0.45080000000000003,7.086906518099671e-08
4509,0.4509,7.313299729087287e-08
4510,0.451,7.546974492710093e-08
4511,0.4511,7.78816722955682e-08
4512,0.45120000000000005,7.032588027096644e-08
4513,0.45130000000000003,7.259048061188494e-08
4514,0.4514,7.49285163591607e-08
4515,0.4515,7.734239204547455e-08
4516,0.4516,7.983459204108891e-08
4517,0.45170000000000005,7.218771855475046e-08
4518,0.45180000000000003,7.453138111193596e-08
4519,0.4519,7.695168999530786e-08
4520,0.452,7.945117686509736e-08
4521,0.4521,7.192266226092667e-08
4522,0.45220000000000005,7.427633362498244e-08
4523,0.45230000000000004,7.670760821052637e-08
4524,0.4524,7.921907089677242e-08
4525,0.4525,7.179406050948847e-08
4526,0.4526,7.416219129849971e-08
4527,0.45270000000000005,7.660903938090896e-08
4528,0.45280000000000004,7.913724832685785e-08
4529,0.4529,8.174955262697453e-08
4530,0.453,7.418858765377114e-08
4531,0.4531,7.665571786125785e-08
4532,0.45320000000000005,7.920555217621868e-08
4533,0.45330000000000004,8.184089341798452e-08
4534,0.4534,7.435597046076192e-08
4535,0.4535,7.684822192524807e-08
4536,0.4536,7.942469924615818e-08
4537,0.45370000000000005,8.20882805651217e-08
4538,0.45380000000000004,7.466561152270412e-08
4539,0.4539,7.71879822471597e-08
4540,0.454,7.979628893623437e-08
4541,0.4541,8.249349278826828e-08
4542,0.45420000000000005,7.511962037669755e-08
4543,0.45430000000000004,7.767729979048607e-08
4544,0.4544,8.032282452699004e-08
4545,0.4545,8.305924676169714e-08
4546,0.4546,7.572097146172467e-08
4547,0.45470000000000005,7.831937251663438e-08
4548,0.45480000000000004,8.100774041052279e-08
4549,0.4549,8.378922697610539e-08
4550,0.455,7.647353554025509e-08
4551,0.4551,7.911833227787614e-08
4552,0.45520000000000005,8.185544269614668e-08
4553,0.45530000000000004,8.468812808011071e-08
4554,0.4554,7.738212415771005e-08
4555,0.4555,8.007928911387205e-08
4556,0.4556,8.287135635439112e-08
4557,0.45570000000000005,8.576170702652328e-08
4558,0.45580000000000004,7.845254246939886e-08
4559,0.4559,8.120838924608485e-08
4560,0.456,8.406198676905093e-08
4561,0.4561,7.696777611168864e-08
4562,0.4562,7.969165260523924e-08
4563,0.45630000000000004,8.251288282494413e-08
4564,0.45640000000000003,8.543499100178306e-08
4565,0.4565,7.831433318986536e-08
4566,0.4566,8.11074521331083e-08
4567,0.4567,8.400120455154992e-08
4568,0.45680000000000004,8.699926398764395e-08
4569,0.45690000000000003,7.98394805771589e-08
4570,0.457,8.27091616602949e-08
4571,0.4571,8.568306884077661e-08
4572,0.4572,7.87034364820664e-08
4573,0.45730000000000004,8.155323935711573e-08
4574,0.45740000000000003,8.450733063122453e-08
4575,0.4575,8.756958013395417e-08
4576,0.4576,8.052847487805921e-08
4577,0.4577,8.346701486966989e-08
4578,0.45780000000000004,8.65139583926002e-08
4579,0.45790000000000003,7.963053200403248e-08
4580,0.458,8.255773060626415e-08
4581,0.4581,8.559373020316529e-08
4582,0.4582,8.874263293983977e-08
4583,0.45830000000000004,8.177570032600349e-08
4584,0.45840000000000003,8.480508457112391e-08
4585,0.4585,8.794797698001751e-08
4586,0.4586,8.111773399358105e-08
4587,0.4587,8.41448167216586e-08
4588,0.45880000000000004,8.728617645643233e-08
4589,0.45890000000000003,9.054619137783256e-08
4590,0.459,8.361030649705536e-08
4591,0.4591,8.675461889049428e-08
4592,0.4592,9.001859382162978e-08
4593,0.45930000000000004,8.319950142747926e-08
4594,0.45940000000000003,8.63512801339992e-08
4595,0.4595,8.962390826934036e-08
4596,0.4596,8.291090423495479e-08
4597,0.4597,8.607470963252539e-08
4598,0.45980000000000004,8.93607383350731e-08
4599,0.45990000000000003,8.274356366866482e-08
4600,0.46,8.592402510952949e-08
4601,0.4601,8.922827666989912e-08
4602,0.4602,9.266121327651109e-08
4603,0.46030000000000004,8.589890712134434e-08
4604,0.46040000000000003,8.922630102209802e-08
4605,0.4605,9.268425583143087e-08
4606,0.4606,8.599959965555497e-08
4607,0.4607,8.935517597067547e-08
4608,0.46080000000000004,9.284340888413092e-08
4609,0.46090000000000003,8.622691599884622e-08
4610,0.461,8.96158592666413e-08
4611,0.4611,9.3139785170025e-08
4612,0.4612,8.658224777511671e-08
4613,0.46130000000000004,9.000991216256043e-08
4614,0.46140000000000003,9.357512757708798e-08
4615,0.4615,8.706757804505002e-08
4616,0.4616,9.053951524612898e-08
4617,0.4617,9.415182701078705e-08
4618,0.46180000000000004,8.768550157663169e-08
4619,0.46190000000000003,9.120748815550523e-08
4620,0.462,9.487294349421814e-08
4621,0.4621,8.843924757800545e-08
4622,0.4622,9.201731653754736e-08
4623,0.46230000000000004,9.574223551093491e-08
4624,0.46240000000000003,8.933270953950345e-08
4625,0.4625,9.29731828748004e-08
4626,0.4626,9.676419248253753e-08
4627,0.4627,9.037047956592776e-08
4628,0.46280000000000004,9.408000404592697e-08
4629,0.46290000000000003,8.79246987750196e-08
4630,0.463,9.155788948583213e-08
4631,0.4631,9.534347546012255e-08
4632,0.4632,8.918887984579931e-08
4633,0.46330000000000005,9.290105999354995e-08
4634,0.46340000000000003,9.67701224177837e-08
4635,0.4635,9.060829799553911e-08
4636,0.4636,9.440695367920796e-08
4637,0.4637,9.836735917672511e-08
4638,0.46380000000000005,9.219035053649269e-08
4639,0.46390000000000003,9.60834405875438e-08
4640,0.464,9.011280840310608e-08
4641,0.4641,9.394336199270687e-08
4642,0.4642,9.793936919037774e-08
4643,0.46430000000000005,9.1939998691324e-08
4644,0.46440000000000003,9.587666050236557e-08
4645,0.4645,9.99846491842651e-08
4646,0.4646,9.394867562902554e-08
4647,0.4647,9.800066663469927e-08
4648,0.46480000000000005,9.21491813432706e-08
4649,0.46490000000000004,9.61497773085037e-08
4650,0.465,1.003269910132558e-07
4651,0.4651,9.442609262306549e-08
4652,0.4652,9.85554732593794e-08
4653,0.46530000000000005,9.282419646881328e-08
4654,0.46540000000000004,9.69102429109037e-08
4655,0.4655,1.0117928183743496e-07
4656,0.4656,9.538621075540157e-08
4657,0.4657,9.961577294669984e-08
4658,0.46580000000000005,9.397872069787091e-08
4659,0.46590000000000004,9.817325995032383e-08
4660,0.466,1.0255836700153114e-07
4661,0.4661,9.684740545779486e-08
4662,0.4662,1.0120173412081245e-07
4663,0.46630000000000005,9.563427311940452e-08
4664,0.46640000000000004,9.99622946488e-08
4665,0.4665,1.0448980018405446e-07
4666,0.4666,9.883643184578811e-08
4667,0.4667,1.0334236728674402e-07
4668,0.46680000000000005,9.782090790106144e-08
4669,0.46690000000000004,1.0230982919198138e-07
4670,0.467,9.691284753162177e-08
4671,0.4671,1.0138927709206235e-07
4672,0.4672,1.0607644937192356e-07
4673,0.46730000000000005,1.0057816637561023e-07
4674,0.46740000000000004,1.0525839373676512e-07
4675,0.4675,9.987430483261106e-08
4676,0.4676,1.0455230200236172e-07
4677,0.4677,9.927584269322499e-08
4678,0.46780000000000005,1.0395633738702261e-07
4679,0.46790000000000004,9.87812657847308e-08
4680,0.468,1.0346901278556995e-07
4681,0.4681,1.083837291771604e-07
4682,0.4682,1.030891858784583e-07
4683,0.46830000000000005,1.0801807911442796e-07
4684,0.46840000000000004,1.0281605428119762e-07
4685,0.4685,1.0776423764285776e-07
4686,0.4686,1.0264915428865841e-07
4687,0.4687,1.0762182465556258e-07
4688,0.46880000000000005,1.0258836049814176e-07
4689,0.46890000000000004,1.075908147321899e-07
4690,0.46900000000000003,1.026338870609864e-07
4691,0.4691,1.0767154091383802e-07
4692,0.4692,1.0278629205562862e-07
4693,0.4693,1.0786469854056644e-07
4694,0.46940000000000004,1.0304648261090824e-07
4695,0.46950000000000003,1.081713528432795e-07
4696,0.4696,1.0341572227114554e-07
4697,0.4697,1.0859294515952337e-07
4698,0.4698,1.0389564127565303e-07
4699,0.46990000000000004,1.0913130654581738e-07
4700,0.47000000000000003,1.0448824819517431e-07
4701,0.4701,1.0978866937530755e-07
4702,0.4702,1.0519594324533097e-07
4703,0.4703,1.1056768334130423e-07
4704,0.47040000000000004,1.060215366781856e-07
4705,0.47050000000000003,1.1147143433255836e-07
4706,0.4706,1.0696826666152035e-07
4707,0.4707,1.1250346503986828e-07
4708,0.4708,1.0803982200427062e-07
4709,0.47090000000000004,1.1366779928798697e-07
4710,0.47100000000000003,1.0924036785627314e-07
4711,0.4711,1.1496896990408919e-07
4712,0.4712,1.1057457250408154e-07
4713,0.4713,1.0639982078674314e-07
4714,0.47140000000000004,1.1204764200385926e-07
4715,0.47150000000000003,1.0789942076892312e-07
4716,0.4716,1.1366535394861396e-07
4717,0.4717,1.0954096421464215e-07
4718,0.4718,1.1543409900683148e-07
4719,0.47190000000000004,1.1133096310030676e-07
4720,0.47200000000000003,1.1736092646127393e-07
4721,0.4721,1.1327658883930518e-07
4722,0.4722,1.0938825907182587e-07
4723,0.4723,1.1538572165737177e-07
4724,0.47240000000000004,1.1151147395391725e-07
4725,0.47250000000000003,1.1766700996492683e-07
4726,0.4726,1.1380481955653374e-07
4727,0.4727,1.101240920978566e-07
4728,0.4728,1.1627790312745966e-07
4729,0.47290000000000004,1.126055204573153e-07
4730,0.47300000000000003,1.1894124100483376e-07
4731,0.4731,1.1527560625589689e-07
4732,0.4732,1.1177897524405596e-07
4733,0.4733,1.181459979921913e-07
4734,0.47340000000000004,1.1465335266062514e-07
4735,0.47350000000000003,1.2122943555463145e-07
4736,0.4736,1.1773963116422724e-07
4737,0.4737,1.1440821826513367e-07
4738,0.4738,1.2105191348530593e-07
4739,0.47390000000000004,1.1772152426960294e-07
4740,0.47400000000000003,1.145411345681482e-07
4741,0.4741,1.2127562597136894e-07
4742,0.4742,1.1809507267284528e-07
4743,0.4743,1.1505696655368903e-07
4744,0.47440000000000004,1.2190662840581913e-07
4745,0.47450000000000003,1.1886781115900623e-07
4746,0.4746,1.1596466945945372e-07
4747,0.4747,1.2295535882504565e-07
4748,0.4748,1.200516219274595e-07
4749,0.47490000000000004,1.172775193515382e-07
4750,0.47500000000000003,1.2443690534622918e-07
4751,0.4751,1.2166302665494407e-07
4752,0.4752,1.190134351990399e-07
4753,0.4753,1.2637136694087765e-07
4754,0.47540000000000004,1.2372357896961522e-07
4755,0.47550000000000003,1.2119539599740122e-07
4756,0.4756,1.18781902874416e-07
4757,0.4757,1.262603628016197e-07
4758,0.4758,1.2385197459908936e-07
4759,0.47590000000000005,1.2155460015503528e-07
4760,0.47600000000000003,1.2930662187214992e-07
4761,0.4761,1.2701799900952978e-07
4762,0.4762,1.2483734128605718e-07
4763,0.4763,1.2276066951428126e-07
4764,0.47640000000000005,1.3073537023470034e-07
4765,0.47650000000000003,1.2867376195910955e-07
4766,0.4766,1.2671404497515952e-07
4767,0.4767,1.2485277132344057e-07
4768,0.4768,1.2308669928298846e-07
4769,0.47690000000000005,1.3127793534621974e-07
4770,0.47700000000000004,1.2953741071513209e-07
4771,0.4771,1.2789124551727813e-07
4772,0.4772,1.2633667939355875e-07
4773,0.4773,1.248711350156072e-07
4774,0.47740000000000005,1.3338648370575725e-07
4775,0.47750000000000004,1.319605906673893e-07
4776,0.4776,1.3062417259897795e-07
4777,0.4777,1.2937511170948664e-07
4778,0.4778,1.2821145659514533e-07
4779,0.47790000000000005,1.271314196775165e-07
4780,0.47800000000000004,1.3606825823941773e-07
4781,0.4781,1.3505020011581804e-07
4782,0.4782,1.3411795439003318e-07
4783,0.4783,1.332701975308167e-07
4784,0.47840000000000005,1.3250576349937002e-07
4785,0.47850000000000004,1.318236410478878e-07
4786,0.4786,1.3122297314091088e-07
4787,0.4787,1.3070305419993404e-07
4788,0.4788,1.3026332994049118e-07
4789,0.47890000000000005,1.398719062363744e-07
4790,0.47900000000000004,1.3954086256798982e-07
4791,0.4791,1.392954552414375e-07
4792,0.4792,1.3913568574124002e-07
4793,0.4793,1.390617222408205e-07
4794,0.47940000000000005,1.3907390006369873e-07
4795,0.47950000000000004,1.39172726433879e-07
4796,0.4796,1.393588822389729e-07
4797,0.4797,1.3963322724462663e-07
4798,0.4798,1.399968034780316e-07
4799,0.47990000000000005,1.4045084241688122e-07
4800,0.48000000000000004,1.409967700334169e-07
4801,0.4801,1.4163621394953422e-07
4802,0.4802,1.4237101136555841e-07
4803,0.4803,1.4320321807266527e-07
4804,0.48040000000000005,1.441351178624519e-07
4805,0.48050000000000004,1.4516923285388464e-07
4806,0.4806,1.4630833660732137e-07
4807,0.4807,1.375543345354257e-07
4808,0.4808,1.3884960014001177e-07
4809,0.48090000000000005,1.4025259414839481e-07
4810,0.48100000000000004,1.4176703930279978e-07
4811,0.4811,1.433969684350814e-07
4812,0.4812,1.4514674446350828e-07
4813,0.4813,1.4702108129336764e-07
4814,0.48140000000000005,1.4902506790926062e-07
4815,0.48150000000000004,1.4115291488532146e-07
4816,0.48160000000000003,1.4331182998921475e-07
4817,0.4817,1.4560934939294238e-07
4818,0.4818,1.4805197242990952e-07
4819,0.48190000000000005,1.5064669580240725e-07
4820,0.48200000000000004,1.4339031857881745e-07
4821,0.48210000000000003,1.4615202814104196e-07
4822,0.4822,1.4907989098049173e-07
4823,0.4823,1.52182800010624e-07
4824,0.4824,1.454451056313408e-07
4825,0.48250000000000004,1.4873382713360144e-07
4826,0.48260000000000003,1.522167445976471e-07
4827,0.4827,1.5590519450290372e-07
4828,0.4828,1.4963015690616647e-07
4829,0.4829,1.5353552860340588e-07
4830,0.48300000000000004,1.5767217299587585e-07
4831,0.48310000000000003,1.518247145945577e-07
4832,0.4832,1.5620790723029558e-07
4833,0.4833,1.5076221218424463e-07
4834,0.4834,1.5541171285198976e-07
4835,0.48350000000000004,1.6034369562431196e-07
4836,0.48360000000000003,1.5528565466993333e-07
4837,0.4837,1.6053015282623216e-07
4838,0.4838,1.5584110167647772e-07
4839,0.4839,1.6142970009468572e-07
4840,0.48400000000000004,1.570993179826442e-07
4841,0.48410000000000003,1.630692633453013e-07
4842,0.4842,1.5909232725955726e-07
4843,0.4843,1.5542558276462172e-07
4844,0.4844,1.6186410345068755e-07
4845,0.48450000000000004,1.5854183258330227e-07
4846,0.48460000000000003,1.654721412084129e-07
4847,0.4847,1.6250350444114748e-07
4848,0.4848,1.5981857704668193e-07
4849,0.4849,1.67390416589171e-07
4850,0.48500000000000004,1.6507431745604992e-07
4851,0.48510000000000003,1.6303320233482428e-07
4852,0.4852,1.612603900933468e-07
4853,0.4853,1.6974225085260933e-07
4854,0.4854,1.6837823600042453e-07
4855,0.48550000000000004,1.672865907925601e-07
4856,0.48560000000000003,1.6646544340649216e-07
4857,0.4857,1.6591428038678298e-07
4858,0.4858,1.6563397234827895e-07
4859,0.4859,1.6562681523310947e-07
4860,0.48600000000000004,1.6589658443764942e-07
4861,0.48610000000000003,1.6644860294330054e-07
4862,0.4862,1.6728983003694147e-07
4863,0.4863,1.684289657039169e-07
4864,0.4864,1.6987657771097995e-07
4865,0.48650000000000004,1.7164525071487562e-07
4866,0.48660000000000003,1.7374976293247828e-07
4867,0.4867,1.7620729224708304e-07
4868,0.4868,1.6901846635509946e-07
4869,0.4869,1.7209913920320184e-07
4870,0.48700000000000004,1.7557919654478688e-07
4871,0.48710000000000003,1.794868586064815e-07
4872,0.4872,1.737076776785377e-07
4873,0.4873,1.7833924552653726e-07
4874,0.4874,1.7342572069486853e-07
4875,0.48750000000000004,1.788462203801813e-07
4876,0.48760000000000003,1.7478317472842722e-07
4877,0.4877,1.810842545698144e-07
4878,0.4878,1.7788267744770869e-07
4879,0.4879,1.8518814217751687e-07
4880,0.48800000000000004,1.8288862524466936e-07
4881,0.48810000000000003,1.8113408485257117e-07
4882,0.4882,1.799197113073656e-07
4883,0.4883,1.7924569472753872e-07
4884,0.4884,1.7911741246406647e-07
4885,0.48850000000000005,1.8952973373491656e-07
4886,0.48860000000000003,1.8054727406479405e-07
4887,0.4887,1.8214517494304155e-07
4888,0.4888,1.8436949037818725e-07
4889,0.4889,1.8725814514066217e-07
4890,0.48900000000000005,1.9085793229635564e-07
4891,0.48910000000000003,1.8516737241282512e-07
4892,0.4892,1.9014235254466354e-07
4893,0.4893,1.859688255352985e-07
4894,0.4894,1.9247584623375426e-07
4895,0.48950000000000005,1.898590687095358e-07
4896,0.48960000000000004,1.881283651459856e-07
4897,0.4897,1.972174535491851e-07
4898,0.4898,1.9723581525535587e-07
4899,0.4899,1.9823062449560293e-07
4900,0.49000000000000005,1.9027639402595487e-07
4901,0.49010000000000004,1.9326360954284723e-07
4902,0.4902,1.9736592468091262e-07
4903,0.4903,1.9271356536080292e-07
4904,0.4904,1.991049882846802e-07
4905,0.49050000000000005,1.9684399991942137e-07
4906,0.49060000000000004,1.9590686973576348e-07
4907,0.4907,1.9632231240361527e-07
4908,0.4908,1.9815039547293377e-07
4909,0.4909,2.0148685981186435e-07
4910,0.49100000000000005,2.06469301453186e-07
4911,0.49110000000000004,2.031136456652721e-07
4912,0.4912,2.015790881676512e-07
4913,0.4913,2.0190104798056554e-07
4914,0.4914,2.04171918754283e-07
4915,0.49150000000000005,2.0855017121691464e-07
4916,0.49160000000000004,2.0521106730220855e-07
4917,0.4917,2.042481087337997e-07
4918,0.4918,2.0574593362071608e-07
4919,0.4919,2.0989048633514163e-07
4920,0.49200000000000005,2.0701082041578792e-07
4921,0.49210000000000004,2.0714727025111768e-07
4922,0.4922,2.1048081436186706e-07
4923,0.4923,2.0749107346312243e-07
4924,0.4924,2.0818263973037432e-07
4925,0.49250000000000005,2.1283292214174797e-07
4926,0.49260000000000004,2.1202678716995948e-07
4927,0.4927,2.158837963953284e-07
4928,0.4928,2.1500209677262787e-07
4929,0.4929,2.0993455268601235e-07
4930,0.49300000000000005,2.1080134118008125e-07
4931,0.49310000000000004,2.0858580241607564e-07
4932,0.4932,2.133733740863289e-07
4933,0.4933,2.070298933070884e-07
4934,0.4934,2.0917349550884346e-07
4935,0.49350000000000005,2.1140523970286272e-07
4936,0.49360000000000004,2.056074757262512e-07
4937,0.4937,2.0239191451082244e-07
4938,0.4938,2.0308098184523785e-07
4939,0.4939,2.005661533029505e-07
4940,0.49400000000000005,1.9704421734769876e-07
4941,0.49410000000000004,1.950299831207332e-07
4942,0.49420000000000003,1.892191638286059e-07
4943,0.4943,1.835179051667614e-07
4944,0.4944,1.7476779603731955e-07
4945,0.49450000000000005,1.6174416636098876e-07
4946,0.49460000000000004,1.517149029542793e-07
4947,0.49470000000000003,1.4030923255623032e-07
4948,0.4948,1.2218322350283578e-07
4949,0.4949,9.92193527725605e-08
4950,0.49500000000000005,7.571965860987952e-08
4951,0.49510000000000004,4.769190401582493e-08
4952,0.49520000000000003,2.2832600521205027e-08
4953,0.4953,6.405801254825477e-09
4954,0.4954,7.973458985667235e-10
4955,0.4955,2.5104065234614565e-10
4956,0.49560000000000004,2.200173338031451e-10
4957,0.49570000000000003,2.098184829295505e-10
4958,0.4958,2.04871447033086e-10
4959,0.4959,2.0518241413611828e-10
4960,0.496,2.0463386399668254e-10
4961,0.49610000000000004,2.0640320975577452e-10
4962,0.49620000000000003,2.05288484070269e-10
4963,0.4963,2.082463953554858e-10
4964,0.4964,2.1107252187704102e-10
4965,0.4965,2.17268110309342e-10
4966,0.49660000000000004,2.2177511786504848e-10
4967,0.49670000000000003,2.2659078632036725e-10
4968,0.4968,2.3049043932756696e-10
4969,0.4969,0.22498892331386927
4970,0.497,0.22661365406287656
4971,0.49710000000000004,0.22821120326609134
4972,0.49720000000000003,0.22978901448494515
4973,0.4973,0.2313524457138498
4974,0.4974,0.23290624237790808
4975,0.4975,0.23445485133167493
4976,0.49760000000000004,0.23600258447181138
4977,0.49770000000000003,0.23755373560567608
4978,0.4978,0.2391126932087565
4979,0.4979,0.24068405658918726
4980,0.498,0.4049194277122672
4981,0.49810000000000004,0.4056011664347689
4982,0.49820000000000003,0.4062685645614535
4983,0.4983,0.4069224506980523
4984,0.4984,0.4075635774724417
4985,0.4985,0.40819263127004735
4986,0.49860000000000004,0.40881024010036765
4987,0.49870000000000003,0.40941698028581935
4988,0.4988,0.4100133821962428
4989,0.4989,0.4105999351919731
4990,0.499,0.4111770919051724
4991,0.49910000000000004,0.41174527196452265
4992,0.49920000000000003,0.4123048652491283
4993,0.4993,0.412856234742332
4994,0.4994,0.41339971904383804
4995,0.4995,0.4139356345888238
4996,0.49960000000000004,0.4144642776146807
4997,0.49970000000000003,0.4149859259095447
4998,0.4998,0.4155008403714641
4999,0.4999,0.41600926640263913
5000,0.5,0.4165114351595197
5001,0.5001,0.4170075646765628
5002,0.5002,0.41749786087887164
5003,0.5003000000000001,0.41798251849682777
5004,0.5004000000000001,0.418461721894074
5005,0.5005000000000001,0.4189356458186262
5006,0.5006,0.4194044560856673
5007,0.5007,0.419868310199444
5008,0.5008,0.42032735792077003
5009,0.5009,0.4207817417858214
5010,0.501,0.42123159758123596
5011,0.5011,0.42167705477992884
5012,0.5012,0.4221182369414892
5013,0.5013000000000001,0.4225552620806511
5014,0.5014000000000001,0.42298824300683935
5015,0.5015000000000001,0.4234172876375585
5016,0.5016,0.42384249928800827
5017,0.5017,0.4242639769391045
5018,0.5018,0.42468181548584116
5019,0.5019,0.42509610596770364
5020,0.502,0.42550693578271526
5021,0.5021,0.4259143888864989
5022,0.5022,0.42631854597761565
5023,0.5023,0.4267194846703139
5024,0.5024000000000001,0.4271172796557278
5025,0.5025000000000001,0.42751200285243673
5026,0.5026,0.42790372354724704
5027,0.5027,0.4282925085269442
5028,0.5028,0.4286784222017187
5029,0.5029,0.4290615267209042
5030,0.503,0.42944188208158945
5031,0.5031,0.42981954623064483
5032,0.5032,0.4301945751606399
5033,0.5033,0.4305670230000869
5034,0.5034000000000001,0.43093694209842376
5035,0.5035000000000001,0.43130438310609853
5036,0.5036,0.4316693950500951
5037,0.5037,0.4320320254052183
5038,0.5038,0.4323923201614203
5039,0.5039,0.43275032388743484
5040,0.504,0.43310607979096055
5041,0.5041,0.43345962977562497
5042,0.5042,0.4338110144949306
5043,0.5043,0.4341602734033751
5044,0.5044000000000001,0.4345074448049345
5045,0.5045000000000001,0.4348525658990558
5046,0.5046,0.4351956728243331
5047,0.5047,0.43553680069998857
5048,0.5048,0.43587598366531055
5049,0.5049,0.436213254917149
5050,0.505,0.43654864674560173
5051,0.5051,0.43688219056799094
5052,0.5052,0.4372139169612257
5053,0.5053,0.4375438556926395
5054,0.5054000000000001,0.4378720357494047
5055,0.5055000000000001,0.4381984853665856
5056,0.5056,0.43852323205391963
5057,0.5057,0.4388463026213856
5058,0.5058,0.4391677232036326
5059,0.5059,0.43948751928333024
5060,0.506,0.43980571571348925
5061,0.5061,0.44012233673882484
5062,0.5062,0.44043740601618764
5063,0.5063,0.44075094663414094
5064,0.5064000000000001,0.441062981131698
5065,0.5065000000000001,0.44137353151628017
5066,0.5066,0.441682619280937
5067,0.5067,0.44199026542085434
5068,0.5068,0.44229649044918706
5069,0.5069,0.4426013144122635
5070,0.507,0.4429047569041712
5071,0.5071,0.443206837080771
5072,0.5072,0.44350757367316324
5073,0.5073,0.4438069850006173
5074,0.5074000000000001,0.4441050889830191
5075,0.5075000000000001,0.4444019031528212
5076,0.5076,0.44469744466656297
5077,0.5077,0.4449917303159327
5078,0.5078,0.44528477653843535
5079,0.5079,0.4455765994276522
5080,0.508,0.4458672147431328
5081,0.5081,0.4461566379199166
5082,0.5082,0.44644488407771904
5083,0.5083,0.4467319680297839
5084,0.5084000000000001,0.4470179042914177
5085,0.5085000000000001,0.4473027070882277
5086,0.5086,0.4475863903640662
5087,0.5087,0.4478689677887019
5088,0.5088,0.4481504527652261
5089,0.5089,0.44843085843719993
5090,0.509,0.44871019769556525
5091,0.5091,0.4489884831853171
5092,0.5092,0.44926572731195724
5093,0.5093,0.4495419422477259
5094,0.5094000000000001,0.44981713993763267
5095,0.5095000000000001,0.45009133210529084
5096,0.5096,0.4503645302585559
5097,0.5097,0.4506367456949859
5098,0.5098,0.45090798950712707
5099,0.5099,0.45117827258762677
5100,0.51,0.4514476056341877
5101,0.5101,0.4517159991543654
5102,0.5102,0.45198346347021745
5103,0.5103,0.45225000872280124
5104,0.5104000000000001,0.4525156448765469
5105,0.5105000000000001,0.4527803817234814
5106,0.5106,0.453044228887332
5107,0.5107,0.45330719582750717
5108,0.5108,0.45356929184295286
5109,0.5109,0.4538305260758972
5110,0.511,0.4540909075154809
5111,0.5111,0.45435044500128785
5112,0.5112,0.45460914722676393
5113,0.5113,0.45486702274254104
5114,0.5114000000000001,0.4551240799596634
5115,0.5115000000000001,0.4553803271527238
5116,0.5116,0.45563577246290926
5117,0.5117,0.455890423900958
5118,0.5118,0.45614428935003365
5119,0.5119,0.4563973765685246
5120,0.512,0.4566496931927567
5121,0.5121,0.4569012467396381
5122,0.5122,0.45715204460922626
5123,0.5123,0.45740209408722865
5124,0.5124000000000001,0.4576514023474354
5125,0.5125000000000001,0.45789997645407915
5126,0.5126000000000001,0.4581478233641429
5127,0.5127,0.45839494992959784
5128,0.5128,0.45864136289958596
5129,0.5129,0.4588870689225395
5130,0.513,0.4591320745482556
5131,0.5131,0.45937638622990107
5132,0.5132,0.45962001032598304
5133,0.5133,0.4598629531022537
5134,0.5134000000000001,0.4601052207335743
5135,0.5135000000000001,0.46034681930572924
5136,0.5136000000000001,0.46058775481719644
5137,0.5137,0.4608280331808668
5138,0.5138,0.46106766022572926
5139,0.5139,0.46130664169850555
5140,0.514,0.46154498326525145
5141,0.5141,0.46178269051291143
5142,0.5142,0.4620197689508437
5143,0.5143,0.46225622401229954
5144,0.5144000000000001,0.4624920610558703
5145,0.5145000000000001,0.4627272853669004
5146,0.5146000000000001,0.46296190215886707
5147,0.5147,0.4631959165747225
5148,0.5148,0.46342933368820866
5149,0.5149,0.46366215850513837
5150,0.515,0.4638943959646487
5151,0.5151,0.4641260509404227
5152,0.5152,0.4643571282418821
5153,0.5153,0.4645876326153543
5154,0.5154,0.4648175687452154
5155,0.5155000000000001,0.46504694125499685
5156,0.5156000000000001,0.46527575470847843
5157,0.5157,0.4655040136107488
5158,0.5158,0.46573172240924715
5159,0.5159,0.4659588854947741
5160,0.516,0.4661855072024903
5161,0.5161,0.466411591812884
5162,0.5162,0.466637143552719
5163,0.5163,0.46686216659596647
5164,0.5164,0.4670866650647105
5165,0.5165000000000001,0.46731064303003805
5166,0.5166000000000001,0.46753410451290256
5167,0.5167,0.46775705348498153
5168,0.5168,0.4679794938695026
5169,0.5169,0.4682014295420584
5170,0.517,0.46842286433140284
5171,0.5171,0.4686438020202329
5172,0.5172,0.4688642463459478
5173,0.5173,0.46908420100139775
5174,0.5174,0.46930366963561687
5175,0.5175000000000001,0.4695226558545346
5176,0.5176000000000001,0.4697411632216808
5177,0.5177,0.46995919525887214
5178,0.5178,0.4701767554468801
5179,0.5179,0.47039384722609456
5180,0.518,0.47061047399716754
5181,0.5181,0.4708266391216451
5182,0.5182,0.47104234592258487
5183,0.5183,0.47125759768516545
5184,0.5184,0.4714723976572805
5185,0.5185000000000001,0.47168674905011826
5186,0.5186000000000001,0.47190065503873946
5187,0.5187,0.47211411876262993
5188,0.5188,0.4723271433262537
5189,0.5189,0.4725397317995916
5190,0.519,0.47275188721866485
5191,0.5191,0.47296361258605585
5192,0.5192,0.47317491087141433
5193,0.5193,0.4733857850119555
5194,0.5194,0.4735962379129455
5195,0.5195000000000001,0.4738062724481835
5196,0.5196000000000001,0.47401589146046835
5197,0.5197,0.47422509776206107
5198,0.5198,0.47443389413513604
5199,0.5199,0.47464228333222147
5200,0.52,0.4748502680766408
5201,0.5201,0.47505785106293386
5202,0.5202,0.47526503495727734
5203,0.5203,0.4754718223978986
5204,0.5204,0.475678215995475
5205,0.5205000000000001,0.4758842183335336
5206,0.5206000000000001,0.4760898319688388
5207,0.5207,0.4762950594317738
5208,0.5208,0.4764999032267152
5209,0.5209,0.47670436583240416
5210,0.521,0.47690844970230356
5211,0.5211,0.47711215726495715
5212,0.5212,0.47731549092433406
5213,0.5213,0.4775184530601754
5214,0.5214,0.4777210460283267
5215,0.5215000000000001,0.4779232721610744
5216,0.5216000000000001,0.47812513376746063
5217,0.5217,0.478326633133614
5218,0.5218,0.4785277725230532
5219,0.5219,0.4787285541770004
5220,0.522,0.4789289803146823
5221,0.5221,0.47912905313362725
5222,0.5222,0.47932877480995756
5223,0.5223,0.47952814749867667
5224,0.5224,0.4797271733339529
5225,0.5225000000000001,0.47992585442939567
5226,0.5226000000000001,0.48012419287832747
5227,0.5227,0.48032219075405375
5228,0.5228,0.4805198501101264
5229,0.5229,0.4807171729806018
5230,0.523,0.48091416138029813
5231,0.5231,0.48111081730504335
5232,0.5232,0.48130714273192393
5233,0.5233,0.48150313961952534
5234,0.5234,0.48169880990817304
5235,0.5235000000000001,0.48189415552016507
5236,0.5236000000000001,0.4820891783600035
5237,0.5237,0.48228388031462066
5238,0.5238,0.48247826325360454
5239,0.5239,0.4826723290294162
5240,0.524,0.482866079477607
5241,0.5241,0.4830595164170312
5242,0.5242,0.4832526416500544
5243,0.5243,0.48344545696276114
5244,0.5244,0.48363796412515647
5245,0.5245000000000001,0.48383016489136627
5246,0.5246000000000001,0.48402206099983114
5247,0.5247,0.48421365417350176
5248,0.5248,0.4844049461200299
5249,0.5249,0.4845959385319533
5250,0.525,0.484786633086882
5251,0.5251,0.48497703144767795
5252,0.5252,0.4851671352626345
5253,0.5253,0.48535694616565245
5254,0.5254,0.4855464657764148
5255,0.5255000000000001,0.485735695700552
5256,0.5256000000000001,0.485924637529818
5257,0.5257000000000001,0.48611329284224575
5258,0.5258,0.4863016632023205
5259,0.5259,0.48648975016113155
5260,0.526,0.4866775552565357
5261,0.5261,0.4868650800133102
5262,0.5262,0.48705232594330605
5263,0.5263,0.4872392945456012
5264,0.5264,0.48742598730664644
5265,0.5265000000000001,0.48761240570041436
5266,0.5266000000000001,0.48779855118854226
5267,0.5267000000000001,0.48798442522047364
5268,0.5268,0.48817002923360153
5269,0.5269,0.4883553646534035
5270,0.527,0.48854043289357896
5271,0.5271,0.48872523535618345
5272,0.5272,0.4889097734317606
5273,0.5273,0.48909404849947163
5274,0.5274,0.48927806192722595
5275,0.5275000000000001,0.4894618150718046
5276,0.5276000000000001,0.48964530927898703
5277,0.5277000000000001,0.4898285458836748
5278,0.5278,0.49001152621001004
5279,0.5279,0.4901942515714976
5280,0.528,0.49037672327112103
5281,0.5281,0.49055894260146
5282,0.5282,0.49074091084480354
5283,0.5283,0.4909226292732658
5284,0.5284,0.49110409914889147
5285,0.5285000000000001,0.49128532172377365
5286,0.5286000000000001,0.49146629824015453
5287,0.5287000000000001,0.49164702993053594
5288,0.5288,0.4918275180177858
5289,0.5289,0.49200776371523874
5290,0.529,0.4921877682267993
5291,0.5291,0.4923675327470457
5292,0.5292,0.49254705846132607
5293,0.5293,0.49272634654585845
5294,0.5294,0.4929053981678269
5295,0.5295,0.4930842144854777
5296,0.5296000000000001,0.4932627966482145
5297,0.5297000000000001,0.4934411457966881
5298,0.5298,0.49361926306289333
5299,0.5299,0.49379714957025544
5300,0.53,0.4939748064337218
5301,0.5301,0.4941522347598482
5302,0.5302,0.49432943564688747
5303,0.5303,0.49450641018487584
5304,0.5304,0.49468315945571534
5305,0.5305,0.4948596845332592
5306,0.5306000000000001,0.49503598648339564
5307,0.5307000000000001,0.49521206636412524
5308,0.5308,0.4953879252256449
5309,0.5309,0.4955635641104265
5310,0.531,0.49573898405329503
5311,0.5311,0.4959141860815052
5312,0.5312,0.4960891712148187
5313,0.5313,0.49626394046557976
5314,0.5314,0.4964384948387872
5315,0.5315,0.4966128353321721
5316,0.5316000000000001,0.49678696293626534
5317,0.5317000000000001,0.49696087863447413
5318,0.5318,0.4971345834031481
5319,0.5319,0.4973080782116533
5320,0.532,0.49748136402243737
5321,0.5321,0.4976544417910993
5322,0.5322,0.49782731246645856
5323,0.5323,0.4979999769906168
5324,0.5324,0.4981724362990282
5325,0.5325,0.49834469132056064
5326,0.5326000000000001,0.4985167429775617
5327,0.5327000000000001,0.49868859218592054
5328,0.5328,0.4988602398551313
5329,0.5329,0.4990316868883533
5330,0.533,0.4992029341824738
5331,0.5331,0.4993739826281655
5332,0.5332,0.499544833109949
5333,0.5333,0.4997154865062486
5334,0.5334,0.4998859436894515
5335,0.5335,0.5000562055259654
5336,0.5336000000000001,0.5002262728762741
5337,0.5337000000000001,0.5003961465949928
5338,0.5338,0.5005658275309259
5339,0.5339,0.5007353165271199
5340,0.534,0.5009046144209152
5341,0.5341,0.5010737220440016
5342,0.5342,0.5012426402224724
5343,0.5343,0.5014113697768732
5344,0.5344,0.5015799115222542
5345,0.5345,0.5017482662682222
5346,0.5346000000000001,0.5019164348189898
5347,0.5347000000000001,0.5020844179734243
5348,0.5348,0.5022522165250969
5349,0.5349,0.5024198312623335
5350,0.535,0.5025872629682582
5351,0.5351,0.5027545124208448
5352,0.5352,0.5029215803929621
5353,0.5353,0.5030884676524169
5354,0.5354,0.5032551749620056
5355,0.5355,0.5034217030795552
5356,0.5356000000000001,0.5035880527579676
5357,0.5357000000000001,0.5037542247452673
5358,0.5358,0.5039202197846411
5359,0.5359,0.5040860386144824
5360,0.536,0.5042516819684376
5361,0.5361,0.5044171505754412
5362,0.5362,0.504582445159763
5363,0.5363,0.5047475664410468
5364,0.5364,0.5049125151343535
5365,0.5365,0.5050772919501973
5366,0.5366000000000001,0.5052418975945896
5367,0.5367000000000001,0.5054063327690761
5368,0.5368,0.5055705981707762
5369,0.5369,0.5057346944924229
5370,0.537,0.5058986224223972
5371,0.5371,0.5060623826447709
5372,0.5372,0.5062259758393397
5373,0.5373,0.5063894026816611
5374,0.5374,0.5065526638430927
5375,0.5375,0.5067157599908257
5376,0.5376000000000001,0.5068786917879222
5377,0.5377000000000001,0.5070414598933484
5378,0.5378000000000001,0.5072040649620132
5379,0.5379,0.5073665076447991
5380,0.538,0.5075287885885966
5381,0.5381,0.507690908436341
5382,0.5382,0.5078528678270428
5383,0.5383,0.5080146673958218
5384,0.5384,0.5081763077739394
5385,0.5385,0.5083377895888312
5386,0.5386000000000001,0.5084991134641402
5387,0.5387000000000001,0.5086602800197445
5388,0.5388000000000001,0.5088212898717939
5389,0.5389,0.5089821436327373
5390,0.539,0.5091428419113541
5391,0.5391,0.5093033853127845
5392,0.5392,0.5094637744385612
5393,0.5393,0.5096240098866355
5394,0.5394,0.5097840922514105
5395,0.5395,0.509944022123767
5396,0.5396000000000001,0.5101038000910958
5397,0.5397000000000001,0.5102634267373213
5398,0.5398000000000001,0.5104229026429351
5399,0.5399,0.5105822283850193
5400,0.54,0.5107414045372771
5401,0.5401,0.5109004316700579
5402,0.5402,0.5110593103503878
5403,0.5403,0.5112180411419909
5404,0.5404,0.5113766246053215
5405,0.5405,0.5115350612975855
5406,0.5406000000000001,0.511693351772771
5407,0.5407000000000001,0.5118514965816676
5408,0.5408000000000001,0.5120094962719004
5409,0.5409,0.5121673513879473
5410,0.541,0.5123250624711667
5411,0.5411,0.5124826300598259
5412,0.5412,0.5126400546891174
5413,0.5413,0.5127973368911911
5414,0.5414,0.5129544771951742
5415,0.5415,0.5131114761271953
5416,0.5416000000000001,0.5132683342104065
5417,0.5417000000000001,0.5134250519650109
5418,0.5418000000000001,0.5135816299082808
5419,0.5419,0.5137380685545838
5420,0.542,0.5138943684154027
5421,0.5421,0.5140505299993591
5422,0.5422,0.5142065538122373
5423,0.5423,0.5143624403570026
5424,0.5424,0.5145181901338252
5425,0.5425,0.5146738036401005
5426,0.5426,0.5148292813704723
5427,0.5427000000000001,0.5149846238168516
5428,0.5428000000000001,0.5151398314684376
5429,0.5429,0.51529490481174
5430,0.543,0.5154498443305983
5431,0.5431,0.5156046505062015
5432,0.5432,0.5157593238171095
5433,0.5433,0.5159138647392716
5434,0.5434,0.5160682737460466
5435,0.5435,0.5162225513082223
5436,0.5436,0.516376697894036
5437,0.5437000000000001,0.516530713969191
5438,0.5438000000000001,0.5166845999968768
5439,0.5439,0.5168383564377887
5440,0.544,0.5169919837501455
5441,0.5441,0.5171454823897076
5442,0.5442,0.5172988528097952
5443,0.5443,0.5174520954613068
5444,0.5444,0.5176052107927377
5445,0.5445,0.5177581992501957
5446,0.5446,0.5179110612774197
5447,0.5447000000000001,0.5180637973157979
5448,0.5448000000000001,0.5182164078043845
5449,0.5449,0.5183688931799149
5450,0.545,0.5185212538768258
5451,0.5451,0.5186734903272687
5452,0.5452,0.5188256029611286
5453,0.5453,0.5189775922060412
5454,0.5454,0.5191294584874051
5455,0.5455,0.5192812022284019
5456,0.5456,0.519432823850012
5457,0.5457000000000001,0.519584323771027
5458,0.5458000000000001,0.5197357024080691
5459,0.5459,0.5198869601756047
5460,0.546,0.5200380974859593
5461,0.5461,0.5201891147493352
5462,0.5462,0.5203400123738247
5463,0.5463,0.5204907907654241
5464,0.5464,0.5206414503280515
5465,0.5465,0.5207919914635593
5466,0.5466,0.5209424145717484
5467,0.5467000000000001,0.5210927200503856
5468,0.5468000000000001,0.5212429082952137
5469,0.5469,0.5213929796999688
5470,0.547,0.5215429346563933
5471,0.5471,0.5216927735542507
5472,0.5472,0.5218424967813375
5473,0.5473,0.5219921047234986
5474,0.5474,0.5221415977646392
5475,0.5475,0.5222909762867411
5476,0.5476,0.5224402406698733
5477,0.5477000000000001,0.5225893912922057
5478,0.5478000000000001,0.5227384285300231
5479,0.5479,0.5228873527577383
5480,0.548,0.5230361643479035
5481,0.5481,0.523184863671223
5482,0.5482,0.5233334510965693
5483,0.5483,0.5234819269909904
5484,0.5484,0.5236302917197265
5485,0.5485,0.5237785456462204
5486,0.5486,0.5239266891321295
5487,0.5487000000000001,0.5240747225373388
5488,0.5488000000000001,0.524222646219972
5489,0.5489,0.524370460536405
5490,0.549,0.5245181658412743
5491,0.5491,0.5246657624874931
5492,0.5492,0.5248132508262594
5493,0.5493,0.5249606312070698
5494,0.5494,0.5251079039777292
5495,0.5495,0.5252550694843625
5496,0.5496,0.5254021280714265
5497,0.5497000000000001,0.5255490800817212
5498,0.5498000000000001,0.525695925856399
5499,0.5499,0.5258426657349771
5500,0.55,0.5259893000553473
5501,0.5501,0.5261358291537898
5502,0.5502,0.5262822533649785
5503,0.5503,0.5264285730219966
5504,0.5504,0.5265747884563448
5505,0.5505,0.5267208999979497
5506,0.5506,0.5268669079751784
5507,0.5507000000000001,0.5270128127148467
5508,0.5508000000000001,0.5271586145422273
5509,0.5509000000000001,0.5273043137810625
5510,0.551,0.5274499107535732
5511,0.5511,0.5275954057804689
5512,0.5512,0.5277407991809574
5513,0.5513,0.5278860912727547
5514,0.5514,0.5280312823720927
5515,0.5515,0.5281763727937329
5516,0.5516,0.5283213628509715
5517,0.5517000000000001,0.5284662528556517
5518,0.5518000000000001,0.5286110431181715
5519,0.5519000000000001,0.5287557339474932
5520,0.552,0.5289003256511543
5521,0.5521,0.5290448185352737
5522,0.5522,0.5291892129045618
5523,0.5523,0.5293335090623299
5524,0.5524,0.5294777073105009
5525,0.5525,0.5296218079496127
5526,0.5526,0.5297658112788335
5527,0.5527000000000001,0.5299097175959654
5528,0.5528000000000001,0.5300535271974556
5529,0.5529000000000001,0.5301972403784031
5530,0.553,0.5303408574325699
5531,0.5531,0.5304843786523856
5532,0.5532,0.5306278043289607
5533,0.5533,0.5307711347520895
5534,0.5534,0.5309143702102609
5535,0.5535,0.5310575109906677
5536,0.5536,0.5312005573792129
5537,0.5537000000000001,0.5313435096605171
5538,0.5538000000000001,0.5314863681179287
5539,0.5539000000000001,0.5316291330335292
5540,0.554,0.5317718046881433
5541,0.5541,0.5319143833613457
5542,0.5542,0.5320568693314673
5543,0.5543,0.5321992628756064
5544,0.5544,0.5323415642696315
5545,0.5545,0.5324837737881948
5546,0.5546,0.532625891704732
5547,0.5547000000000001,0.5327679182914778
5548,0.5548000000000001,0.5329098538194667
5549,0.5549000000000001,0.5330516985585443
5550,0.555,0.5331934527773727
5551,0.5551,0.5333351167434375
5552,0.5552,0.5334766907230567
5553,0.5553,0.5336181749813849
5554,0.5554,0.5337595697824237
5555,0.5555,0.5339008753890263
5556,0.5556,0.5340420920629037
5557,0.5557,0.5341832200646341
5558,0.5558000000000001,0.5343242596536687
5559,0.5559000000000001,0.534465211088337
5560,0.556,0.534606074625854
5561,0.5561,0.5347468505223295
5562,0.5562,0.5348875390327714
5563,0.5563,0.5350281404110934
5564,0.5564,0.5351686549101207
5565,0.5565,0.5353090827815985
5566,0.5566,0.5354494242761976
5567,0.5567,0.5355896796435183
5568,0.5568000000000001,0.5357298491321
5569,0.5569000000000001,0.5358699329894253
5570,0.557,0.5360099314619284
5571,0.5571,0.5361498447949968
5572,0.5572,0.536289673232984
5573,0.5573,0.5364294170192091
5574,0.5574,0.5365690763959674
5575,0.5575,0.5367086516045343
5576,0.5576,0.5368481428851707
5577,0.5577,0.5369875504771305
5578,0.5578000000000001,0.5371268746186658
5579,0.5579000000000001,0.5372661155470312
5580,0.558,0.5374052734984929
5581,0.5581,0.5375443487083311
5582,0.5582,0.5376833414108465
5583,0.5583,0.537822251839368
5584,0.5584,0.5379610802262558
5585,0.5585,0.5380998268029074
5586,0.5586,0.5382384917997636
5587,0.5587,0.5383770754463146
5588,0.5588000000000001,0.5385155779711047
5589,0.5589000000000001,0.538653999601736
5590,0.559,0.5387923405648768
5591,0.5591,0.5389306010862666
5592,0.5592,0.5390687813907172
5593,0.5593,0.5392068817021237
5594,0.5594,0.5393449022434662
5595,0.5595,0.539482843236815
5596,0.5596,0.5396207049033372
5597,0.5597,0.539758487463301
5598,0.5598000000000001,0.5398961911360809
5599,0.5599000000000001,0.5400338161401617
5600,0.56,0.5401713626931455
5601,0.5601,0.5403088310117546
5602,0.5602,0.5404462213118374
5603,0.5603,0.5405835338083733
5604,0.5604,0.5407207687154779
5605,0.5605,0.5408579262464065
5606,0.5606,0.5409950066135603
5607,0.5607,0.5411320100284887
5608,0.5608000000000001,0.5412689367018988
5609,0.5609000000000001,0.5414057868436537
5610,0.561,0.5415425606627835
5611,0.5611,0.5416792583674842
5612,0.5612,0.5418158801651273
5613,0.5613,0.54195242626226
5614,0.5614,0.5420888968646117
5615,0.5615,0.5422252921770998
5616,0.5616,0.5423616124038327
5617,0.5617,0.542497857748112
5618,0.5618000000000001,0.5426340284124413
5619,0.5619000000000001,0.5427701245985275
5620,0.562,0.5429061465072865
5621,0.5621,0.543042094338847
5622,0.5622,0.543177968292553
5623,0.5623,0.5433137685669726
5624,0.5624,0.543449495359897
5625,0.5625,0.543585148868348
5626,0.5626,0.5437207292885817
5627,0.5627,0.5438562368160905
5628,0.5628000000000001,0.5439916716456101
5629,0.5629000000000001,0.544127033971122
5630,0.5630000000000001,0.5442623239858572
5631,0.5631,0.5443975418823008
5632,0.5632,0.5445326878521964
5633,0.5633,0.5446677620865494
5634,0.5634,0.5448027647756312
5635,0.5635,0.5449376961089822
5636,0.5636,0.5450725562754175
5637,0.5637,0.5452073454630286
5638,0.5638000000000001,0.5453420638591902
5639,0.5639000000000001,0.545476711650559
5640,0.5640000000000001,0.5456112890230829
5641,0.5641,0.5457457961620024
5642,0.5642,0.5458802332518534
5643,0.5643,0.5460146004764717
5644,0.5644,0.5461488980189975
5645,0.5645,0.5462831260618772
5646,0.5646,0.5464172847868701
5647,0.5647,0.5465513743750475
5648,0.5648000000000001,0.546685395006801
5649,0.5649000000000001,0.5468193468618416
5650,0.5650000000000001,0.5469532301192075
5651,0.5651,0.5470870449572641
5652,0.5652,0.5472207915537097
5653,0.5653,0.5473544700855781
5654,0.5654,0.5474880807292409
5655,0.5655,0.547621623660414
5656,0.5656,0.5477550990541576
5657,0.5657,0.5478885070848817
5658,0.5658000000000001,0.5480218479263491
5659,0.5659000000000001,0.5481551217516765
5660,0.5660000000000001,0.5482883287333418
5661,0.5661,0.5484214690431843
5662,0.5662,0.5485545428524091
5663,0.5663,0.5486875503315903
5664,0.5664,0.5488204916506738
5665,0.5665,0.5489533669789806
5666,0.5666,0.54908617648521
5667,0.5667,0.5492189203374436
5668,0.5668000000000001,0.5493515987031465
5669,0.5669000000000001,0.5494842117491734
5670,0.5670000000000001,0.5496167596417678
5671,0.5671,0.5497492425465679
5672,0.5672,0.5498816606286095
5673,0.5673,0.5500140140523284
5674,0.5674,0.5501463029815623
5675,0.5675,0.5502785275795558
5676,0.5676,0.5504106880089626
5677,0.5677,0.5505427844318473
5678,0.5678000000000001,0.5506748170096908
5679,0.5679000000000001,0.5508067859033906
5680,0.5680000000000001,0.5509386912732656
5681,0.5681,0.5510705332790579
5682,0.5682,0.5512023120799361
5683,0.5683,0.551334027834498
5684,0.5684,0.551465680700774
5685,0.5685,0.551597270836228
5686,0.5686,0.551728798397764
5687,0.5687,0.551860263541723
5688,0.5688,0.5519916664238925
5689,0.5689000000000001,0.5521230071995052
5690,0.5690000000000001,0.5522542860232397
5691,0.5691,0.5523855030492296
5692,0.5692,0.5525166584310606
5693,0.5693,0.552647752321775
5694,0.5694,0.5527787848738757
5695,0.5695,0.5529097562393267
5696,0.5696,0.5530406665695566
5697,0.5697,0.5531715160154611
5698,0.5698,0.5533023047274058
5699,0.5699000000000001,0.5534330328552298
5700,0.5700000000000001,0.553563700548245
5701,0.5701,0.5536943079552415
5702,0.5702,0.5538248552244911
5703,0.5703,0.5539553425037461
5704,0.5704,0.5540857699402436
5705,0.5705,0.5542161376807105
5706,0.5706,0.5543464458713605
5707,0.5707,0.5544766946579013
5708,0.5708,0.5546068841855364
5709,0.5709000000000001,0.5547370145989637
5710,0.5710000000000001,0.5548670860423844
5711,0.5711,0.5549970986594981
5712,0.5712,0.55512705259351
5713,0.5713,0.5552569479871337
5714,0.5714,0.5553867849825893
5715,0.5715,0.5555165637216103
5716,0.5716,0.5556462843454418
5717,0.5717,0.5557759469948476
5718,0.5718,0.5559055518101076
5719,0.5719000000000001,0.5560350989310231
5720,0.5720000000000001,0.5561645884969185
5721,0.5721,0.5562940206466421
5722,0.5722,0.5564233955185709
5723,0.5723,0.5565527132506105
5724,0.5724,0.556681973980199
5725,0.5725,0.5568111778443073
5726,0.5726,0.5569403249794432
5727,0.5727,0.5570694155216536
5728,0.5728,0.5571984496065235
5729,0.5729000000000001,0.5573274273691828
5730,0.5730000000000001,0.5574563489443037
5731,0.5731,0.5575852144661084
5732,0.5732,0.5577140240683651
5733,0.5733,0.5578427778843938
5734,0.5734,0.5579714760470686
5735,0.5735,0.5581001186888179
5736,0.5736,0.5582287059416267
5737,0.5737,0.5583572379370407
5738,0.5738,0.5584857148061656
5739,0.5739000000000001,0.5586141366796707
5740,0.5740000000000001,0.5587425036877917
5741,0.5741,0.558870815960329
5742,0.5742,0.5589990736266548
5743,0.5743,0.5591272768157114
5744,0.5744,0.5592554256560148
5745,0.5745,0.5593835202756555
5746,0.5746,0.5595115608023009
5747,0.5747,0.5596395473631991
5748,0.5748,0.5597674800851767
5749,0.5749000000000001,0.5598953590946447
5750,0.5750000000000001,0.5600231845175989
5751,0.5751000000000001,0.5601509564796202
5752,0.5752,0.5602786751058795
5753,0.5753,0.5604063405211374
5754,0.5754,0.5605339528497465
5755,0.5755,0.5606615122156541
5756,0.5756,0.560789018742402
5757,0.5757,0.5609164725531313
5758,0.5758,0.5610438737705814
5759,0.5759000000000001,0.5611712225170937
5760,0.5760000000000001,0.561298518914611
5761,0.5761000000000001,0.561425763084683
5762,0.5762,0.5615529551484647
5763,0.5763,0.5616800952267202
5764,0.5764,0.5618071834398233
5765,0.5765,0.5619342199077584
5766,0.5766,0.5620612047501261
5767,0.5767,0.5621881380861397
5768,0.5768,0.5623150200346306
5769,0.5769000000000001,0.56244185071405
5770,0.5770000000000001,0.562568630242466
5771,0.5771000000000001,0.5626953587375723
5772,0.5772,0.5628220363166841
5773,0.5773,0.5629486630967433
5774,0.5774,0.5630752391943177
5775,0.5775,0.5632017647256048
5776,0.5776,0.5633282398064308
5777,0.5777,0.5634546645522559
5778,0.5778,0.5635810390781711
5779,0.5779000000000001,0.5637073634989044
5780,0.5780000000000001,0.5638336379288211
5781,0.5781000000000001,0.5639598624819224
5782,0.5782,0.5640860372718516
5783,0.5783,0.5642121624118916
5784,0.5784,0.56433823801497
5785,0.5785,0.5644642641936573
5786,0.5786,0.564590241060171
5787,0.5787,0.5647161687263769
5788,0.5788,0.5648420473037874
5789,0.5789000000000001,0.5649678769035686
5790,0.5790000000000001,0.5650936576365366
5791,0.5791000000000001,0.5652193896131613
5792,0.5792,0.5653450729435695
5793,0.5793,0.5654707077375425
5794,0.5794,0.5655962941045213
5795,0.5795,0.5657218321536046
5796,0.5796,0.5658473219935544
5797,0.5797,0.5659727637327929
5798,0.5798,0.5660981574794084
5799,0.5799000000000001,0.5662235033411525
5800,0.5800000000000001,0.5663488014254452
5801,0.5801000000000001,0.5664740518393736
5802,0.5802,0.566599254689695
5803,0.5803,0.5667244100828374
5804,0.5804,0.5668495181249008
5805,0.5805,0.5669745789216601
5806,0.5806,0.5670995925785651
5807,0.5807,0.5672245592007411
5808,0.5808,0.5673494788929919
5809,0.5809000000000001,0.567474351759802
5810,0.5810000000000001,0.5675991779053332
5811,0.5811000000000001,0.5677239574334323
5812,0.5812,0.5678486904476283
5813,0.5813,0.5679733770511355
5814,0.5814,0.5680980173468517
5815,0.5815,0.568222611437366
5816,0.5816,0.5683471594249521
5817,0.5817,0.5684716614115758
5818,0.5818,0.5685961174988946
5819,0.5819,0.568720527788256
5820,0.5820000000000001,0.5688448923807039
5821,0.5821000000000001,0.5689692113769752
5822,0.5822,0.5690934848775042
5823,0.5823,0.5692177129824229
5824,0.5824,0.5693418957915605
5825,0.5825,0.5694660334044486
5826,0.5826,0.5695901259203172
5827,0.5827,0.5697141734381027
5828,0.5828,0.5698381760564409
5829,0.5829,0.5699621338736763
5830,0.5830000000000001,0.5700860469878567
5831,0.5831000000000001,0.5702099154967396
5832,0.5832,0.5703337394977891
5833,0.5833,0.5704575190881803
5834,0.5834,0.570581254364799
5835,0.5835,0.5707049454242429
5836,0.5836,0.5708285923628236
5837,0.5837,0.5709521952765669
5838,0.5838,0.5710757542612138
5839,0.5839,0.5711992694122229
5840,0.5840000000000001,0.5713227408247702
5841,0.5841000000000001,0.5714461685937509
5842,0.5842,0.5715695528137814
5843,0.5843,0.5716928935791971
5844,0.5844,0.5718161909840591
5845,0.5845,0.57193944512215
5846,0.5846,0.5720626560869772
5847,0.5847,0.5721858239717755
5848,0.5848,0.572308948869505
5849,0.5849,0.5724320308728549
5850,0.5850000000000001,0.5725550700742424
5851,0.5851000000000001,0.5726780665658172
5852,0.5852,0.5728010204394578
5853,0.5853,0.5729239317867766
5854,0.5854,0.5730468006991192
5855,0.5855,0.5731696272675655
5856,0.5856,0.5732924115829316
5857,0.5857,0.5734151537357697
5858,0.5858,0.5735378538163703
5859,0.5859,0.5736605119147619
5860,0.5860000000000001,0.5737831281207137
5861,0.5861000000000001,0.5739057025237346
5862,0.5862,0.5740282352130761
5863,0.5863,0.574150726277733
5864,0.5864,0.5742731758064431
5865,0.5865,0.57439558388769
5866,0.5866,0.5745179506097025
5867,0.5867,0.5746402760604563
5868,0.5868,0.5747625603276757
5869,0.5869,0.5748848034988342
5870,0.5870000000000001,0.5750070056611545
5871,0.5871000000000001,0.5751291669016089
5872,0.5872,0.5752512873069243
5873,0.5873,0.5753733669635791
5874,0.5874,0.5754954059578047
5875,0.5875,0.5756174043755893
5876,0.5876,0.5757393623026746
5877,0.5877,0.5758612798245606
5878,0.5878,0.5759831570265049
5879,0.5879,0.5761049939935217
5880,0.5880000000000001,0.5762267908103875
5881,0.5881000000000001,0.5763485475616373
5882,0.5882000000000001,0.5764702643315689
5883,0.5883,0.576591941204241
5884,0.5884,0.576713578263476
5885,0.5885,0.5768351755928608
5886,0.5886,0.5769567332757478
5887,0.5887,0.5770782513952544
5888,0.5888,0.5771997300342655
5889,0.5889,0.5773211692754323
5890,0.5890000000000001,0.5774425692011778
5891,0.5891000000000001,0.577563929893691
5892,0.5892000000000001,0.577685251434934
5893,0.5893,0.5778065339066385
5894,0.5894,0.577927777390309
5895,0.5895,0.5780489819672238
5896,0.5896,0.5781701477184344
5897,0.5897,0.5782912747247666
5898,0.5898,0.5784123630668222
5899,0.5899,0.5785334128249813
5900,0.5900000000000001,0.578654424079398
5901,0.5901000000000001,0.5787753969100078
5902,0.5902000000000001,0.5788963313965226
5903,0.5903,0.5790172276184365
5904,0.5904,0.5791380856550231
5905,0.5905,0.5792589055853365
5906,0.5906,0.5793796874882161
5907,0.5907,0.5795004314422824
5908,0.5908,0.5796211375259394
5909,0.5909,0.5797418058173773
5910,0.5910000000000001,0.5798624363945725
5911,0.5911000000000001,0.5799830293352851
5912,0.5912000000000001,0.5801035847170654
5913,0.5913,0.5802241026172505
5914,0.5914,0.5803445831129661
5915,0.5915,0.5804650262811285
5916,0.5916,0.580585432198442
5917,0.5917,0.5807058009414066
5918,0.5918,0.580826132586309
5919,0.5919,0.5809464272092331
5920,0.5920000000000001,0.5810666848860534
5921,0.5921000000000001,0.58118690569244
5922,0.5922000000000001,0.5813070897038587
5923,0.5923,0.5814272369955686
5924,0.5924,0.5815473476426284
5925,0.5925,0.5816674217198926
5926,0.5926,0.581787459302014
5927,0.5927,0.581907460463444
5928,0.5928,0.5820274252784341
5929,0.5929,0.5821473538210363
5930,0.5930000000000001,0.5822672461651023
5931,0.5931000000000001,0.582387102384287
5932,0.5932000000000001,0.5825069225520474
5933,0.5933,0.5826267067416434
5934,0.5934,0.582746455026139
5935,0.5935,0.5828661674784039
5936,0.5936,0.5829858441711123
5937,0.5937,0.5831054851767434
5938,0.5938,0.5832250905675859
5939,0.5939,0.5833446604157335
5940,0.5940000000000001,0.5834641947930899
5941,0.5941000000000001,0.5835836937713665
5942,0.5942000000000001,0.5837031574220849
5943,0.5943,0.5838225858165771
5944,0.5944,0.5839419790259868
5945,0.5945,0.5840613371212668
5946,0.5946,0.584180660173185
5947,0.5947,0.5842999482523221
5948,0.5948,0.5844192014290712
5949,0.5949,0.5845384197736406
5950,0.595,0.5846576033560534
5951,0.5951000000000001,0.5847767522461486
5952,0.5952000000000001,0.5848958665135817
5953,0.5953,0.5850149462278257
5954,0.5954,0.5851339914581698
5955,0.5955,0.5852530022737233
5956,0.5956,0.5853719787434142
5957,0.5957,0.5854909209359896
5958,0.5958,0.5856098289200165
5959,0.5959,0.5857287027638839
5960,0.596,0.5858475425358027
5961,0.5961000000000001,0.5859663483038048
5962,0.5962000000000001,0.5860851201357453
5963,0.5963,0.5862038580993044
5964,0.5964,0.5863225622619841
5965,0.5965,0.5864412326911125
5966,0.5966,0.5865598694538429
5967,0.5967,0.586678472617155
5968,0.5968,0.586797042247854
5969,0.5969,0.5869155784125732
5970,0.597,0.5870340811777743
5971,0.5971000000000001,0.5871525506097464
5972,0.5972000000000001,0.5872709867746069
5973,0.5973,0.587389389738306
5974,0.5974,0.5875077595666206
5975,0.5975,0.5876260963251613
5976,0.5976,0.5877444000793685
5977,0.5977,0.5878626708945145
5978,0.5978,0.5879809088357058
5979,0.5979,0.5880991139678803
5980,0.598,0.5882172863558114
5981,0.5981000000000001,0.5883354260641057
5982,0.5982000000000001,0.588453533157205
5983,0.5983,0.5885716076993879
5984,0.5984,0.5886896497547666
5985,0.5985,0.5888076593872927
5986,0.5986,0.5889256366607533
5987,0.5987,0.5890435816387741
5988,0.5988,0.5891614943848189
5989,0.5989,0.5892793749621912
5990,0.599,0.5893972234340324
5991,0.5991000000000001,0.5895150398633257
5992,0.5992000000000001,0.5896328243128938
5993,0.5993,0.5897505768454014
5994,0.5994,0.5898682975233541
5995,0.5995,0.5899859864091004
5996,0.5996,0.5901036435648317
5997,0.5997,0.5902212690525824
5998,0.5998,0.59033886293423
5999,0.5999,0.5904564252714988
6000,0.6,0.5905739561259551
6001,0.6001000000000001,0.5906914555590139
6002,0.6002000000000001,0.5908089236319333
6003,0.6003000000000001,0.5909263604058197
6004,0.6004,0.5910437659416256
6005,0.6005,0.5911611403001522
6006,0.6006,0.5912784835420476
6007,0.6007,0.5913957957278104
6008,0.6008,0.5915130769177857
6009,0.6009,0.5916303271721711
6010,0.601,0.5917475465510117
6011,0.6011000000000001,0.5918647351142058
6012,0.6012000000000001,0.5919818929215008
6013,0.6013000000000001,0.5920990200324974
6014,0.6014,0.5922161165066474
6015,0.6015,0.592333182403256
6016,0.6016,0.5924502177814812
6017,0.6017,0.5925672227003348
6018,0.6018,0.5926841972186834
6019,0.6019,0.5928011413952472
6020,0.602,0.5929180552886022
6021,0.6021000000000001,0.5930349389571807
6022,0.6022000000000001,0.5931517924592696
6023,0.6023000000000001,0.5932686158530135
6024,0.6024,0.5933854091964145
6025,0.6025,0.5935021725473308
6026,0.6026,0.5936189059634804
6027,0.6027,0.5937356095024388
6028,0.6028,0.5938522832216401
6029,0.6029,0.59396892717838
6030,0.603,0.5940855414298111
6031,0.6031000000000001,0.5942021260329493
6032,0.6032000000000001,0.5943186810446699
6033,0.6033000000000001,0.5944352065217087
6034,0.6034,0.5945517025206655
6035,0.6035,0.5946681690980011
6036,0.6036,0.5947846063100393
6037,0.6037,0.5949010142129666
6038,0.6038,0.5950173928628334
6039,0.6039,0.5951337423155549
6040,0.604,0.5952500626269104
6041,0.6041000000000001,0.5953663538525433
6042,0.6042000000000001,0.5954826160479634
6043,0.6043000000000001,0.5955988492685462
6044,0.6044,0.5957150535695344
6045,0.6045,0.5958312290060345
6046,0.6046,0.5959473756330239
6047,0.6047,0.5960634935053457
6048,0.6048,0.5961795826777107
6049,0.6049,0.5962956432046994
6050,0.605,0.5964116751407598
6051,0.6051000000000001,0.5965276785402113
6052,0.6052000000000001,0.5966436534572411
6053,0.6053000000000001,0.5967595999459073
6054,0.6054,0.5968755180601388
6055,0.6055,0.5969914078537358
6056,0.6056,0.5971072693803693
6057,0.6057,0.5972231026935824
6058,0.6058,0.5973389078467904
6059,0.6059,0.5974546848932826
6060,0.606,0.5975704338862196
6061,0.6061000000000001,0.5976861548786359
6062,0.6062000000000001,0.5978018479234414
6063,0.6063000000000001,0.5979175130734184
6064,0.6064,0.5980331503812254
6065,0.6065,0.5981487598993951
6066,0.6066,0.5982643416803372
6067,0.6067,0.5983798957763353
6068,0.6068,0.5984954222395511
6069,0.6069,0.5986109211220219
6070,0.607,0.5987263924756633
6071,0.6071000000000001,0.5988418363522673
6072,0.6072000000000001,0.5989572528035053
6073,0.6073000000000001,0.5990726418809251
6074,0.6074,0.5991880036359547
6075,0.6075,0.5993033381199006
6076,0.6076,0.5994186453839497
6077,0.6077,0.5995339254791676
6078,0.6078,0.5996491784565008
6079,0.6079,0.5997644043667766
6080,0.608,0.599879603260702
6081,0.6081,0.5999947751888675
6082,0.6082000000000001,0.6001099202017445
6083,0.6083000000000001,0.6002250383496857
6084,0.6084,0.6003401296829277
6085,0.6085,0.6004551942515882
6086,0.6086,0.6005702321056713
6087,0.6087,0.6006852432950609
6088,0.6088,0.6008002278695282
6089,0.6089,0.6009151858787269
6090,0.609,0.6010301173721955
6091,0.6091,0.6011450223993587
6092,0.6092000000000001,0.6012599010095261
6093,0.6093000000000001,0.601374753251893
6094,0.6094,0.6014895791755401
6095,0.6095,0.6016043788294367
6096,0.6096,0.6017191522624366
6097,0.6097,0.6018338995232838
6098,0.6098,0.6019486206606065
6099,0.6099,0.6020633157229237
6100,0.61,0.6021779847586407
6101,0.6101,0.6022926278160523
6102,0.6102000000000001,0.6024072449433435
6103,0.6103000000000001,0.6025218361885866
6104,0.6104,0.6026364015997451
6105,0.6105,0.6027509412246707
6106,0.6106,0.6028654551111076
6107,0.6107,0.6029799433066898
6108,0.6108,0.6030944058589421
6109,0.6109,0.6032088428152814
6110,0.611,0.6033232542230161
6111,0.6111,0.6034376401293458
6112,0.6112000000000001,0.6035520005813638
6113,0.6113000000000001,0.6036663356260552
6114,0.6114,0.603780645310299
6115,0.6115,0.603894929680866
6116,0.6116,0.6040091887844231
6117,0.6117,0.6041234226675298
6118,0.6118,0.6042376313766392
6119,0.6119,0.6043518149581014
6120,0.612,0.6044659734581592
6121,0.6121,0.6045801069229527
6122,0.6122000000000001,0.6046942153985159
6123,0.6123000000000001,0.6048082989307797
6124,0.6124,0.6049223575655718
6125,0.6125,0.6050363913486151
6126,0.6126,0.6051504003255308
6127,0.6127,0.6052643845418372
6128,0.6128,0.6053783440429492
6129,0.6129,0.6054922788741804
6130,0.613,0.6056061890807423
6131,0.6131,0.6057200747077446
6132,0.6132000000000001,0.6058339358001972
6133,0.6133000000000001,0.6059477724030066
6134,0.6134000000000001,0.6060615845609814
6135,0.6135,0.6061753723188288
6136,0.6136,0.6062891357211553
6137,0.6137,0.6064028748124679
6138,0.6138,0.6065165896371759
6139,0.6139,0.6066302802395879
6140,0.614,0.6067439466639138
6141,0.6141,0.6068575889542661
6142,0.6142000000000001,0.6069712071546579
6143,0.6143000000000001,0.6070848013090049
6144,0.6144000000000001,0.6071983714611253
6145,0.6145,0.6073119176547396
6146,0.6146,0.607425439933472
6147,0.6147,0.6075389383408503
6148,0.6148,0.6076524129203037
6149,0.6149,0.6077658637151678
6150,0.615,0.6078792907686811
6151,0.6151,0.6079926941239867
6152,0.6152000000000001,0.6081060738241323
6153,0.6153000000000001,0.6082194299120705
6154,0.6154000000000001,0.6083327624306605
6155,0.6155,0.6084460714226649
6156,0.6156,0.6085593569307538
6157,0.6157,0.6086726189975031
6158,0.6158,0.6087858576653948
6159,0.6159,0.608899072976817
6160,0.616,0.6090122649740665
6161,0.6161,0.6091254336993454
6162,0.6162000000000001,0.6092385791947652
6163,0.6163000000000001,0.6093517015023427
6164,0.6164000000000001,0.6094648006640061
6165,0.6165,0.6095778767215888
6166,0.6166,0.6096909297168338
6167,0.6167,0.6098039596913948
6168,0.6168,0.6099169666868314
6169,0.6169,0.6100299507446156
6170,0.617,0.6101429119061265
6171,0.6171,0.6102558502126557
6172,0.6172000000000001,0.6103687657054024
6173,0.6173000000000001,0.6104816584254785
6174,0.6174000000000001,0.6105945284139057
6175,0.6175,0.6107073757116158
6176,0.6176,0.610820200359453
6177,0.6177,0.6109330023981727
6178,0.6178,0.6110457818684427
6179,0.6179,0.6111585388108416
6180,0.618,0.6112712732658606
6181,0.6181,0.6113839852739037
6182,0.6182000000000001,0.6114966748752882
6183,0.6183000000000001,0.6116093421102438
6184,0.6184000000000001,0.6117219870189129
6185,0.6185,0.611834609641353
6186,0.6186,0.6119472100175338
6187,0.6187,0.6120597881873403
6188,0.6188,0.6121723441905708
6189,0.6189,0.6122848780669379
6190,0.619,0.6123973898560712
6191,0.6191,0.6125098795975125
6192,0.6192000000000001,0.6126223473307214
6193,0.6193000000000001,0.6127347930950703
6194,0.6194000000000001,0.612847216929849
6195,0.6195,0.6129596188742641
6196,0.6196,0.6130719989674377
6197,0.6197,0.613184357248406
6198,0.6198,0.6132966937561264
6199,0.6199,0.6134090085294694
6200,0.62,0.6135213016072246
6201,0.6201,0.6136335730280995
6202,0.6202000000000001,0.6137458228307173
6203,0.6203000000000001,0.6138580510536206
6204,0.6204000000000001,0.6139702577352701
6205,0.6205,0.6140824429140436
6206,0.6206,0.6141946066282397
6207,0.6207,0.614306748916074
6208,0.6208,0.614418869815681
6209,0.6209,0.6145309693651164
6210,0.621,0.6146430476023529
6211,0.6211,0.614755104565286
6212,0.6212,0.6148671402917282
6213,0.6213000000000001,0.6149791548194141
6214,0.6214000000000001,0.6150911481859985
6215,0.6215,0.6152031204290556
6216,0.6216,0.6153150715860812
6217,0.6217,0.615427001694493
6218,0.6218,0.6155389107916297
6219,0.6219,0.615650798914751
6220,0.622,0.6157626661010377
6221,0.6221,0.6158745123875954
6222,0.6222,0.6159863378114478
6223,0.6223000000000001,0.6160981424095444
6224,0.6224000000000001,0.6162099262187563
6225,0.6225,0.6163216892758772
6226,0.6226,0.6164334316176238
6227,0.6227,0.6165451532806364
6228,0.6228,0.6166568543014783
6229,0.6229,0.6167685347166381
6230,0.623,0.616880194562526
6231,0.6231,0.6169918338754777
6232,0.6232,0.6171034526917536
6233,0.6233000000000001,0.6172150510475383
6234,0.6234000000000001,0.6173266289789396
6235,0.6235,0.6174381865219928
6236,0.6236,0.617549723712657
6237,0.6237,0.6176612405868166
6238,0.6238,0.6177727371802828
6239,0.6239,0.6178842135287915
6240,0.624,0.6179956696680046
6241,0.6241,0.6181071056335106
6242,0.6242,0.6182185214608242
6243,0.6243000000000001,0.6183299171853873
6244,0.6244000000000001,0.6184412928425681
6245,0.6245,0.6185526484676619
6246,0.6246,0.6186639840958912
6247,0.6247,0.6187752997624059
6248,0.6248,0.6188865955022838
6249,0.6249,0.61899787135053
6250,0.625,0.619109127342079
6251,0.6251,0.6192203635117915
6252,0.6252,0.6193315798944581
6253,0.6253000000000001,0.6194427765247975
6254,0.6254000000000001,0.6195539534374566
6255,0.6255000000000001,0.6196651106670137
6256,0.6256,0.6197762482479725
6257,0.6257,0.6198873662147703
6258,0.6258,0.6199984646017699
6259,0.6259,0.6201095434432672
6260,0.626,0.620220602773486
6261,0.6261,0.620331642626581
6262,0.6262,0.6204426630366379
6263,0.6263000000000001,0.6205536640376716
6264,0.6264000000000001,0.620664645663629
6265,0.6265000000000001,0.6207756079483869
6266,0.6266,0.6208865509257533
6267,0.6267,0.6209974746294686
6268,0.6268,0.6211083790932033
6269,0.6269,0.6212192643505603
6270,0.627,0.621330130435074
6271,0.6271,0.6214409773802111
6272,0.6272,0.6215518052193708
6273,0.6273000000000001,0.6216626139858845
6274,0.6274000000000001,0.6217734037130149
6275,0.6275000000000001,0.6218841744339595
6276,0.6276,0.6219949261818475
6277,0.6277,0.6221056589897407
6278,0.6278,0.6222163728906361
6279,0.6279,0.6223270679174635
6280,0.628,0.6224377441030846
6281,0.6281,0.6225484014802963
6282,0.6282,0.6226590400818308
6283,0.6283000000000001,0.6227696599403524
6284,0.6284000000000001,0.6228802610884598
6285,0.6285000000000001,0.6229908435586877
6286,0.6286,0.6231014073835047
6287,0.6287,0.6232119525953139
6288,0.6288,0.623322479226454
6289,0.6289,0.6234329873092
6290,0.629,0.6235434768757595
6291,0.6291,0.6236539479582779
6292,0.6292,0.6237644005888358
6293,0.6293000000000001,0.6238748347994495
6294,0.6294000000000001,0.6239852506220711
6295,0.6295000000000001,0.6240956480885902
6296,0.6296,0.6242060272308319
6297,0.6297,0.6243163880805573
6298,0.6298,0.6244267306694653
6299,0.6299,0.6245370550291915
6300,0.63,0.6246473611913078
6301,0.6301,0.6247576491873251
6302,0.6302,0.6248679190486897
6303,0.6303000000000001,0.6249781708067867
6304,0.6304000000000001,0.6250884044929386
6305,0.6305000000000001,0.6251986201384055
6306,0.6306,0.6253088177743862
6307,0.6307,0.6254189974320177
6308,0.6308,0.6255291591423743
6309,0.6309,0.6256393029364707
6310,0.631,0.6257494288452587
6311,0.6311,0.6258595368996296
6312,0.6312,0.6259696271304142
6313,0.6313000000000001,0.6260796995683816
6314,0.6314000000000001,0.6261897542442407
6315,0.6315000000000001,0.6262997911886404
6316,0.6316,0.6264098104321677
6317,0.6317,0.6265198120053509
6318,0.6318,0.6266297959386582
6319,0.6319,0.6267397622624971
6320,0.632,0.6268497110072165
6321,0.6321,0.626959642203105
6322,0.6322,0.6270695558803908
6323,0.6323000000000001,0.6271794520692462
6324,0.6324000000000001,0.6272893307997802
6325,0.6325000000000001,0.6273991921020452
6326,0.6326,0.6275090360060354
6327,0.6327,0.6276188625416844
6328,0.6328,0.6277286717388693
6329,0.6329,0.6278384636274066
6330,0.633,0.6279482382370569
6331,0.6331,0.6280579955975221
6332,0.6332,0.6281677357384449
6333,0.6333000000000001,0.6282774586894121
6334,0.6334000000000001,0.6283871644799516
6335,0.6335000000000001,0.628496853139534
6336,0.6336,0.6286065246975738
6337,0.6337,0.6287161791834271
6338,0.6338,0.6288258166263927
6339,0.6339,0.6289354370557149
6340,0.634,0.6290450405005776
6341,0.6341,0.6291546269901114
6342,0.6342,0.6292641965533886
6343,0.6343,0.6293737492194263
6344,0.6344000000000001,0.629483285017185
6345,0.6345000000000001,0.6295928039755694
6346,0.6346,0.6297023061234268
6347,0.6347,0.6298117914895514
6348,0.6348,0.6299212601026811
6349,0.6349,0.6300307119914962
6350,0.635,0.630140147184624
6351,0.6351,0.6302495657106368
6352,0.6352,0.6303589675980501
6353,0.6353,0.630468352875326
6354,0.6354000000000001,0.6305777215708709
6355,0.6355000000000001,0.630687073713038
6356,0.6356,0.630796409330124
6357,0.6357,0.630905728450373
6358,0.6358,0.6310150311019749
6359,0.6359,0.6311243173130642
6360,0.636,0.6312335871117224
6361,0.6361,0.6313428405259768
6362,0.6362,0.6314520775838023
6363,0.6363,0.6315612983131185
6364,0.6364000000000001,0.6316705027417933
6365,0.6365000000000001,0.63177969089764
6366,0.6366,0.6318888628084185
6367,0.6367,0.6319980185018379
6368,0.6368,0.6321071580055527
6369,0.6369,0.6322162813471647
6370,0.637,0.6323253885542242
6371,0.6371,0.6324344796542275
6372,0.6372,0.6325435546746208
6373,0.6373,0.6326526136427957
6374,0.6374000000000001,0.6327616565860924
6375,0.6375000000000001,0.6328706835318013
6376,0.6376000000000001,0.6329796945071576
6377,0.6377,0.6330886895393469
6378,0.6378,0.6331976686555036
6379,0.6379,0.6333066318827094
6380,0.638,0.633415579247996
6381,0.6381,0.6335245107783417
6382,0.6382,0.6336334265006768
6383,0.6383,0.6337423264418783
6384,0.6384000000000001,0.6338512106287736
6385,0.6385000000000001,0.6339600790881389
6386,0.6386000000000001,0.6340689318467003
6387,0.6387,0.6341777689311331
6388,0.6388,0.6342865903680627
6389,0.6389,0.6343953961840639
6390,0.639,0.6345041864056624
6391,0.6391,0.6346129610593316
6392,0.6392,0.6347217201714991
6393,0.6393,0.6348304637685384
6394,0.6394000000000001,0.6349391918767769
6395,0.6395000000000001,0.6350479045224905
6396,0.6396000000000001,0.6351566017319065
6397,0.6397,0.6352652835312029
6398,0.6398,0.6353739499465099
6399,0.6399,0.6354826010039065
6400,0.64,0.6355912367294242
6401,0.6401,0.6356998571490464
6402,0.6402,0.6358084622887051
6403,0.6403,0.6359170521742878
6404,0.6404000000000001,0.636025626831631
6405,0.6405000000000001,0.6361341862865232
6406,0.6406000000000001,0.6362427305647054
6407,0.6407,0.6363512596918701
6408,0.6408,0.6364597736936621
6409,0.6409,0.636568272595679
6410,0.641,0.6366767564234708
6411,0.6411,0.6367852252025382
6412,0.6412,0.6368936789583355
6413,0.6413,0.6370021177162712
6414,0.6414000000000001,0.6371105415017045
6415,0.6415000000000001,0.6372189503399481
6416,0.6416000000000001,0.6373273442562678
6417,0.6417,0.6374357232758832
6418,0.6418,0.6375440874239657
6419,0.6419,0.6376524367256416
6420,0.642,0.63776077120599
6421,0.6421,0.6378690908900434
6422,0.6422,0.6379773958027887
6423,0.6423,0.6380856859691648
6424,0.6424000000000001,0.6381939614140671
6425,0.6425000000000001,0.6383022221623436
6426,0.6426000000000001,0.6384104682387952
6427,0.6427,0.6385186996681806
6428,0.6428,0.6386269164752085
6429,0.6429,0.6387351186845466
6430,0.643,0.6388433063208125
6431,0.6431,0.6389514794085822
6432,0.6432,0.6390596379723847
6433,0.6433,0.6391677820367047
6434,0.6434000000000001,0.6392759116259811
6435,0.6435000000000001,0.6393840267646084
6436,0.6436000000000001,0.6394921274769355
6437,0.6437,0.6396002137872686
6438,0.6438,0.6397082857198676
6439,0.6439,0.6398163432989478
6440,0.644,0.6399243865486811
6441,0.6441,0.6400324154931958
6442,0.6442,0.6401404301565732
6443,0.6443,0.6402484305628543
6444,0.6444000000000001,0.6403564167360325
6445,0.6445000000000001,0.6404643887000604
6446,0.6446000000000001,0.6405723464788445
6447,0.6447,0.6406802900962499
6448,0.6448,0.6407882195760963
6449,0.6449,0.6408961349421607
6450,0.645,0.641004036218177
6451,0.6451,0.6411119234278346
6452,0.6452,0.6412197965947825
6453,0.6453,0.641327655742624
6454,0.6454000000000001,0.6414355008949205
6455,0.6455000000000001,0.6415433320751897
6456,0.6456000000000001,0.6416511493069087
6457,0.6457,0.6417589526135103
6458,0.6458,0.641866742018385
6459,0.6459,0.6419745175448808
6460,0.646,0.6420822792163039
6461,0.6461,0.6421900270559174
6462,0.6462,0.6422977610869435
6463,0.6463,0.6424054813325613
6464,0.6464000000000001,0.642513187815909
6465,0.6465000000000001,0.6426208805600813
6466,0.6466000000000001,0.6427285595881329
6467,0.6467,0.6428362249230754
6468,0.6468,0.6429438765878801
6469,0.6469,0.6430515146054769
6470,0.647,0.6431591389987529
6471,0.6471,0.6432667497905546
6472,0.6472,0.6433743470036879
6473,0.6473,0.6434819306609183
6474,0.6474000000000001,0.6435895007849672
6475,0.6475000000000001,0.6436970573985193
6476,0.6476000000000001,0.6438046005242152
6477,0.6477,0.6439121301846561
6478,0.6478,0.6440196464024021
6479,0.6479,0.6441271491999742
6480,0.648,0.6442346385998522
6481,0.6481,0.6443421146244739
6482,0.6482,0.6444495772962398
6483,0.6483,0.644557026637508
6484,0.6484,0.6446644626705975
6485,0.6485000000000001,0.6447718854177875
6486,0.6486000000000001,0.6448792949013159
6487,0.6487,0.6449866911433839
6488,0.6488,0.6450940741661494
6489,0.6489,0.6452014439917334
6490,0.649,0.6453088006422157
6491,0.6491,0.6454161441396374
6492,0.6492,0.6455234745060009
6493,0.6493,0.6456307917632687
6494,0.6494,0.6457380959333631
6495,0.6495000000000001,0.6458453870381693
6496,0.6496000000000001,0.6459526650995322
6497,0.6497,0.6460599301392587
6498,0.6498,0.6461671821791167
6499,0.6499,0.6462744212408342
6500,0.65,0.6463816473461025
6501,0.6501,0.6464888605165726
6502,0.6502,0.6465960607738587
6503,0.6503,0.6467032481395356
6504,0.6504,0.6468104226351393
6505,0.6505000000000001,0.6469175842821693
6506,0.6506000000000001,0.6470247331020856
6507,0.6507000000000001,0.6471318691163116
6508,0.6508,0.64723899234623
6509,0.6509,0.6473461028131895
6510,0.651,0.6474532005384976
6511,0.6511,0.6475602855434267
6512,0.6512,0.647667357849209
6513,0.6513,0.6477744174770423
6514,0.6514,0.6478814644480839
6515,0.6515000000000001,0.6479884987834573
6516,0.6516000000000001,0.6480955205042438
6517,0.6517000000000001,0.6482025296314934
6518,0.6518,0.6483095261862135
6519,0.6519,0.6484165101893783
6520,0.652,0.6485234816619239
6521,0.6521,0.6486304406247491
6522,0.6522,0.6487373870987164
6523,0.6523,0.6488443211046518
6524,0.6524,0.6489512426633439
6525,0.6525000000000001,0.6490581517955454
6526,0.6526000000000001,0.6491650485219725
6527,0.6527000000000001,0.6492719328633058
6528,0.6528,0.6493788048401875
6529,0.6529,0.6494856644732268
6530,0.653,0.6495925117829925
6531,0.6531,0.6496993467900223
6532,0.6532,0.6498061695148138
6533,0.6533,0.6499129799778316
6534,0.6534,0.6500197781995024
6535,0.6535000000000001,0.6501265642002194
6536,0.6536000000000001,0.6502333380003367
6537,0.6537000000000001,0.650340099620177
6538,0.6538,0.6504468490800244
6539,0.6539,0.6505535864001292
6540,0.654,0.6506603116007063
6541,0.6541,0.6507670247019336
6542,0.6542,0.6508737257239567
6543,0.6543,0.650980414686884
6544,0.6544,0.6510870916107897
6545,0.6545000000000001,0.6511937565157127
6546,0.6546000000000001,0.651300409421657
6547,0.6547000000000001,0.6514070503485923
6548,0.6548,0.6515136793164528
6549,0.6549,0.6516202963451391
6550,0.655,0.6517269014545165
6551,0.6551,0.6518334946644162
6552,0.6552,0.6519400759946344
6553,0.6553,0.6520466454649342
6554,0.6554,0.652153203095043
6555,0.6555000000000001,0.6522597489046545
6556,0.6556000000000001,0.6523662829134288
6557,0.6557000000000001,0.6524728051409913
6558,0.6558,0.6525793156069335
6559,0.6559,0.6526858143308147
6560,0.656,0.6527923013321566
6561,0.6561,0.6528987766304513
6562,0.6562,0.6530052402451546
6563,0.6563,0.6531116921956903
6564,0.6564,0.6532181325014467
6565,0.6565000000000001,0.6533245611817804
6566,0.6566000000000001,0.6534309782560149
6567,0.6567000000000001,0.6535373837434378
6568,0.6568,0.6536437776633066
6569,0.6569,0.6537501600348442
6570,0.657,0.6538565308772402
6571,0.6571,0.6539628902096504
6572,0.6572,0.6540692380512002
6573,0.6573,0.6541755744209795
6574,0.6574,0.6542818993380478
6575,0.6575000000000001,0.6543882128214291
6576,0.6576000000000001,0.6544945148901171
6577,0.6577000000000001,0.6546008055630712
6578,0.6578,0.6547070848592201
6579,0.6579,0.6548133527974584
6580,0.658,0.6549196093966484
6581,0.6581,0.6550258546756208
6582,0.6582,0.6551320886531747
6583,0.6583,0.6552383113480748
6584,0.6584,0.6553445227790565
6585,0.6585000000000001,0.6554507229648208
6586,0.6586000000000001,0.6555569119240365
6587,0.6587000000000001,0.6556630896753437
6588,0.6588,0.6557692562373469
6589,0.6589,0.6558754116286214
6590,0.659,0.6559815558677092
6591,0.6591,0.6560876889731222
6592,0.6592,0.6561938109633382
6593,0.6593,0.6562999218568067
6594,0.6594,0.6564060216719434
6595,0.6595000000000001,0.6565121104271332
6596,0.6596000000000001,0.6566181881407297
6597,0.6597000000000001,0.6567242548310569
6598,0.6598,0.6568303105164044
6599,0.6599,0.6569363552150327
6600,0.66,0.6570423889451723
6601,0.6601,0.6571484117250201
6602,0.6602,0.6572544235727433
6603,0.6603,0.6573604245064791
6604,0.6604,0.6574664145443331
6605,0.6605000000000001,0.6575723937043801
6606,0.6606000000000001,0.6576783620046633
6607,0.6607000000000001,0.6577843194631982
6608,0.6608,0.6578902660979662
6609,0.6609,0.6579962019269212
6610,0.661,0.6581021269679853
6611,0.6611,0.6582080412390494
6612,0.6612,0.6583139447579763
6613,0.6613,0.658419837542597
6614,0.6614,0.6585257196107126
6615,0.6615,0.658631590980094
6616,0.6616000000000001,0.6587374516684841
6617,0.6617000000000001,0.6588433016935916
6618,0.6618,0.6589491410730992
6619,0.6619,0.659054969824658
6620,0.662,0.659160787965891
6621,0.6621,0.6592665955143875
6622,0.6622,0.6593723924877123
6623,0.6623,0.6594781789033967
6624,0.6624,0.6595839547789446
6625,0.6625,0.6596897201318297
6626,0.6626000000000001,0.6597954749794959
6627,0.6627000000000001,0.6599012193393583
6628,0.6628000000000001,0.6600069532288021
6629,0.6629,0.6601126766651851
6630,0.663,0.6602183896658333
6631,0.6631,0.6603240922480454
6632,0.6632,0.6604297844290906
6633,0.6633,0.6605354662262085
6634,0.6634,0.6606411376566105
6635,0.6635,0.6607467987374801
6636,0.6636000000000001,0.6608524494859688
6637,0.6637000000000001,0.660958089919203
6638,0.6638000000000001,0.6610637200542783
6639,0.6639,0.6611693399082624
6640,0.664,0.6612749494981934
6641,0.6641,0.6613805488410821
6642,0.6642,0.6614861379539113
6643,0.6643,0.6615917168536328
6644,0.6644,0.6616972855571727
6645,0.6645,0.6618028440814282
6646,0.6646000000000001,0.6619083924432679
6647,0.6647000000000001,0.6620139306595317
6648,0.6648000000000001,0.6621194587470316
6649,0.6649,0.6622249767225538
6650,0.665,0.6623304846028528
6651,0.6651,0.6624359824046573
6652,0.6652,0.6625414701446685
6653,0.6653,0.6626469478395588
6654,0.6654,0.6627524155059731
6655,0.6655,0.6628578731605286
6656,0.6656000000000001,0.6629633208198148
6657,0.6657000000000001,0.6630687585003933
6658,0.6658000000000001,0.663174186218799
6659,0.6659,0.6632796039915386
6660,0.666,0.6633850118350916
6661,0.6661,0.6634904097659099
6662,0.6662,0.6635957978004183
6663,0.6663,0.6637011759550149
6664,0.6664,0.6638065442460692
6665,0.6665,0.6639119026899244
6666,0.6666000000000001,0.6640172513028972
6667,0.6667000000000001,0.6641225901012756
6668,0.6668000000000001,0.6642279191013221
6669,0.6669,0.6643332383192718
6670,0.667,0.6644385477713324
6671,0.6671,0.6645438474736858
6672,0.6672,0.6646491374424858
6673,0.6673,0.6647544176938608
6674,0.6674,0.6648596882439117
6675,0.6675,0.664964949108713
6676,0.6676000000000001,0.6650702003043121
6677,0.6677000000000001,0.6651754418467315
6678,0.6678000000000001,0.6652806737519652
6679,0.6679,0.6653858960359821
6680,0.668,0.6654911087147241
6681,0.6681,0.6655963118041079
6682,0.6682,0.6657015053200227
6683,0.6683,0.6658066892783312
6684,0.6684,0.6659118636948717
6685,0.6685,0.6660170285854546
6686,0.6686000000000001,0.6661221839658663
6687,0.6687000000000001,0.6662273298518645
6688,0.6688000000000001,0.6663324662591827
6689,0.6689,0.6664375932035282
6690,0.669,0.6665427107005832
6691,0.6691,0.6666478187660037
6692,0.6692,0.6667529174154181
6693,0.6693,0.6668580066644317
6694,0.6694,0.6669630865286231
6695,0.6695,0.6670681570235448
6696,0.6696000000000001,0.6671732181647247
6697,0.6697000000000001,0.6672782699676654
6698,0.6698000000000001,0.6673833124478425
6699,0.6699,0.6674883456207076
6700,0.67,0.6675933695016871
6701,0.6701,0.6676983841061808
6702,0.6702,0.6678033894495649
6703,0.6703,0.6679083855471887
6704,0.6704,0.6680133724143776
6705,0.6705,0.6681183500664316
6706,0.6706000000000001,0.6682233185186266
6707,0.6707000000000001,0.6683282777862104
6708,0.6708000000000001,0.66843322788441
6709,0.6709,0.6685381688284244
6710,0.671,0.6686431006334292
6711,0.6711,0.6687480233145746
6712,0.6712,0.6688529368869871
6713,0.6713,0.6689578413657672
6714,0.6714,0.6690627367659908
6715,0.6715,0.6691676231027108
6716,0.6716000000000001,0.6692725003909531
6717,0.6717000000000001,0.6693773686457218
6718,0.6718000000000001,0.6694822278819945
6719,0.6719,0.6695870781147244
6720,0.672,0.6696919193588421
6721,0.6721,0.6697967516292527
6722,0.6722,0.6699015749408361
6723,0.6723,0.67000638930845
6724,0.6724,0.6701111947469266
6725,0.6725,0.6702159912710748
6726,0.6726000000000001,0.6703207788956776
6727,0.6727000000000001,0.6704255576354962
6728,0.6728000000000001,0.6705303275052666
6729,0.6729,0.6706350885197017
6730,0.673,0.6707398406934884
6731,0.6731,0.6708445840412931
6732,0.6732,0.6709493185777561
6733,0.6733,0.6710540443174943
6734,0.6734,0.6711587612751003
6735,0.6735,0.6712634694651445
6736,0.6736000000000001,0.6713681689021731
6737,0.6737000000000001,0.6714728596007081
6738,0.6738000000000001,0.6715775415752488
6739,0.6739,0.67168221484027
6740,0.674,0.6717868794102239
6741,0.6741,0.6718915352995399
6742,0.6742,0.671996182522622
6743,0.6743,0.6721008210938533
6744,0.6744,0.6722054510275911
6745,0.6745,0.6723100723381726
6746,0.6746,0.6724146850399086
6747,0.6747000000000001,0.6725192891470897
6748,0.6748000000000001,0.67262388467398
6749,0.6749,0.6727284716348244
6750,0.675,0.672833050043841
6751,0.6751,0.6729376199152289
6752,0.6752,0.6730421812631615
6753,0.6753,0.6731467341017893
6754,0.6754,0.6732512784452415
6755,0.6755,0.6733558143076235
6756,0.6756,0.6734603417030192
6757,0.6757000000000001,0.6735648606454875
6758,0.6758000000000001,0.6736693711490666
6759,0.6759000000000001,0.6737738732277719
6760,0.676,0.6738783668955952
6761,0.6761,0.6739828521665061
6762,0.6762,0.674087329054453
6763,0.6763,0.6741917975733603
6764,0.6764,0.6742962577371309
6765,0.6765,0.674400709559644
6766,0.6766,0.6745051530547593
6767,0.6767000000000001,0.6746095882363112
6768,0.6768000000000001,0.6747140151181135
6769,0.6769000000000001,0.6748184337139567
6770,0.677,0.6749228440376114
6771,0.6771,0.6750272461028232
6772,0.6772,0.6751316399233175
6773,0.6773,0.6752360255127969
6774,0.6774,0.6753404028849436
6775,0.6775,0.6754447720534146
6776,0.6776,0.675549133031849
6777,0.6777000000000001,0.6756534858338603
6778,0.6778000000000001,0.6757578304730436
6779,0.6779000000000001,0.6758621669629684
6780,0.678,0.6759664953171871
6781,0.6781,0.6760708155492254
6782,0.6782,0.6761751276725915
6783,0.6783,0.6762794317007702
6784,0.6784,0.6763837276472245
6785,0.6785,0.6764880155253967
6786,0.6786,0.676592295348706
6787,0.6787000000000001,0.676696567130553
6788,0.6788000000000001,0.6768008308843141
6789,0.6789000000000001,0.6769050866233451
6790,0.679,0.677009334360981
6791,0.6791,0.6771135741105365
6792,0.6792,0.6772178058853019
6793,0.6793,0.6773220296985496
6794,0.6794,0.6774262455635293
6795,0.6795,0.6775304534934691
6796,0.6796,0.6776346535015776
6797,0.6797000000000001,0.6777388456010397
6798,0.6798000000000001,0.6778430298050224
6799,0.6799000000000001,0.6779472061266697
6800,0.68,0.6780513745791045
6801,0.6801,0.6781555351754311
6802,0.6802,0.6782596879287298
6803,0.6803,0.6783638328520621
6804,0.6804,0.678467969958469
6805,0.6805,0.6785720992609687
6806,0.6806,0.678676220772561
6807,0.6807000000000001,0.6787803345062232
6808,0.6808000000000001,0.6788844404749137
6809,0.6809000000000001,0.6789885386915678
6810,0.681,0.6790926291691028
6811,0.6811,0.6791967119204151
6812,0.6812,0.6793007869583781
6813,0.6813,0.6794048542958482
6814,0.6814,0.6795089139456589
6815,0.6815,0.6796129659206251
6816,0.6816,0.6797170102335395
6817,0.6817000000000001,0.6798210468971762
6818,0.6818000000000001,0.6799250759242881
6819,0.6819000000000001,0.6800290973276084
6820,0.682,0.6801331111198492
6821,0.6821,0.6802371173137033
6822,0.6822,0.6803411159218433
6823,0.6823,0.6804451069569212
6824,0.6824,0.6805490904315699
6825,0.6825,0.6806530663584011
6826,0.6826,0.6807570347500074
6827,0.6827000000000001,0.6808609956189615
6828,0.6828000000000001,0.6809649489778156
6829,0.6829000000000001,0.6810688948391024
6830,0.683,0.6811728332153342
6831,0.6831,0.6812767641190047
6832,0.6832,0.6813806875625875
6833,0.6833,0.6814846035585347
6834,0.6834,0.6815885121192817
6835,0.6835,0.6816924132572427
6836,0.6836,0.6817963069848112
6837,0.6837000000000001,0.6819001933143624
6838,0.6838000000000001,0.6820040722582525
6839,0.6839000000000001,0.6821079438288171
6840,0.684,0.6822118080383731
6841,0.6841,0.6823156648992162
6842,0.6842,0.6824195144236261
6843,0.6843,0.6825233566238595
6844,0.6844,0.6826271915121556
6845,0.6845,0.6827310191007346
6846,0.6846,0.682834839401797
6847,0.6847000000000001,0.6829386524275236
6848,0.6848000000000001,0.6830424581900768
6849,0.6849000000000001,0.6831462567015987
6850,0.685,0.6832500479742127
6851,0.6851,0.6833538320200249
6852,0.6852,0.6834576088511195
6853,0.6853,0.6835613784795638
6854,0.6854,0.6836651409174048
6855,0.6855,0.683768896176672
6856,0.6856,0.6838726442693736
6857,0.6857000000000001,0.6839763852075008
6858,0.6858000000000001,0.6840801190030269
6859,0.6859000000000001,0.6841838456679034
6860,0.686,0.6842875652140644
6861,0.6861,0.6843912776534271
6862,0.6862,0.6844949829978871
6863,0.6863,0.6845986812593219
6864,0.6864,0.6847023724495926
6865,0.6865,0.6848060565805395
6866,0.6866,0.6849097336639839
6867,0.6867000000000001,0.6850134037117306
6868,0.6868000000000001,0.6851170667355648
6869,0.6869000000000001,0.685220722747252
6870,0.687,0.6853243717585416
6871,0.6871,0.6854280137811625
6872,0.6872,0.6855316488268273
6873,0.6873,0.6856352769072278
6874,0.6874,0.68573889803404
6875,0.6875,0.6858425122189186
6876,0.6876,0.6859461194735033
6877,0.6877,0.6860497198094129
6878,0.6878000000000001,0.6861533132382506
6879,0.6879000000000001,0.6862568997715979
6880,0.6880000000000001,0.6863604794210217
6881,0.6881,0.686464052198069
6882,0.6882,0.6865676181142688
6883,0.6883,0.6866711771811328
6884,0.6884,0.6867747294101535
6885,0.6885,0.6868782748128068
6886,0.6886,0.6869818134005488
6887,0.6887,0.6870853451848197
6888,0.6888000000000001,0.6871888701770417
6889,0.6889000000000001,0.687292388388617
6890,0.6890000000000001,0.6873958998309315
6891,0.6891,0.6874994045153545
6892,0.6892,0.6876029024532342
6893,0.6893,0.6877063936559047
6894,0.6894,0.6878098781346806
6895,0.6895,0.6879133559008584
6896,0.6896,0.6880168269657185
6897,0.6897,0.6881202913405218
6898,0.6898000000000001,0.688223749036513
6899,0.6899000000000001,0.6883272000649193
6900,0.6900000000000001,0.6884306444369489
6901,0.6901,0.6885340821637944
6902,0.6902,0.6886375132566303
6903,0.6903,0.6887409377266125
6904,0.6904,0.6888443555848816
6905,0.6905,0.6889477668425589
6906,0.6906,0.6890511715107497
6907,0.6907,0.6891545696005409
6908,0.6908000000000001,0.6892579611230032
6909,0.6909000000000001,0.6893613460891895
6910,0.6910000000000001,0.6894647245101362
6911,0.6911,0.6895680963968606
6912,0.6912,0.6896714617603648
6913,0.6913,0.6897748206116328
6914,0.6914,0.6898781729616317
6915,0.6915,0.6899815188213123
6916,0.6916,0.690084858201607
6917,0.6917,0.690188191113433
6918,0.6918000000000001,0.6902915175676879
6919,0.6919000000000001,0.6903948375752543
6920,0.6920000000000001,0.6904981511469979
6921,0.6921,0.690601458293767
6922,0.6922,0.690704759026392
6923,0.6923,0.6908080533556888
6924,0.6924,0.6909113412924548
6925,0.6925,0.6910146228474715
6926,0.6926,0.6911178980315019
6927,0.6927,0.6912211668552952
6928,0.6928000000000001,0.6913244293295812
6929,0.6929000000000001,0.691427685465074
6930,0.6930000000000001,0.6915309352724719
6931,0.6931,0.6916341787624554
6932,0.6932,0.6917374159456897
6933,0.6933,0.6918406468328213
6934,0.6934,0.6919438714344829
6935,0.6935,0.6920470897612878
6936,0.6936,0.6921503018238365
6937,0.6937,0.6922535076327091
6938,0.6938000000000001,0.6923567071984714
6939,0.6939000000000001,0.6924599005316734
6940,0.6940000000000001,0.6925630876428478
6941,0.6941,0.6926662685425096
6942,0.6942,0.6927694432411605
6943,0.6943,0.6928726117492845
6944,0.6944,0.6929757740773481
6945,0.6945,0.6930789302358029
6946,0.6946,0.693182080235085
6947,0.6947,0.6932852240856135
6948,0.6948000000000001,0.6933883617977897
6949,0.6949000000000001,0.6934914933820022
6950,0.6950000000000001,0.6935946188486213
6951,0.6951,0.6936977382080016
6952,0.6952,0.6938008514704813
6953,0.6953,0.6939039586463835
6954,0.6954,0.6940070597460157
6955,0.6955,0.6941101547796673
6956,0.6956,0.6942132437576138
6957,0.6957,0.6943163266901139
6958,0.6958000000000001,0.6944194035874108
6959,0.6959000000000001,0.6945224744597324
6960,0.6960000000000001,0.6946255393172889
6961,0.6961,0.6947285981702765
6962,0.6962,0.6948316510288759
6963,0.6963,0.69493469790325
6964,0.6964,0.6950377388035475
6965,0.6965,0.6951407737399016
6966,0.6966,0.695243802722429
6967,0.6967,0.695346825761232
6968,0.6968000000000001,0.6954498428663958
6969,0.6969000000000001,0.6955528540479905
6970,0.6970000000000001,0.6956558593160711
6971,0.6971,0.6957588586806768
6972,0.6972,0.6958618521518314
6973,0.6973,0.6959648397395433
6974,0.6974,0.6960678214538055
6975,0.6975,0.6961707973045945
6976,0.6976,0.696273767301873
6977,0.6977,0.6963767314555872
6978,0.6978000000000001,0.6964796897756688
6979,0.6979000000000001,0.6965826422720337
6980,0.6980000000000001,0.6966855889545829
6981,0.6981,0.6967885298332002
6982,0.6982,0.6968914649177574
6983,0.6983,0.6969943942181094
6984,0.6984,0.6970973177440946
6985,0.6985,0.697200235505539
6986,0.6986,0.6973031475122512
6987,0.6987,0.6974060537740259
6988,0.6988000000000001,0.6975089543006421
6989,0.6989000000000001,0.6976118491018639
6990,0.6990000000000001,0.6977147381874409
6991,0.6991,0.6978176215671057
6992,0.6992,0.6979204992505801
6993,0.6993,0.6980233712475651
6994,0.6994,0.6981262375677522
6995,0.6995,0.6982290982208144
6996,0.6996,0.6983319532164118
6997,0.6997,0.698434802564189
6998,0.6998000000000001,0.6985376462737743
6999,0.6999000000000001,0.698640484354784
7000,0.7000000000000001,0.698743316816817
7001,0.7001000000000001,0.6988461436694596
7002,0.7002,0.6989489649222815
7003,0.7003,0.6990517805848391
7004,0.7004,0.6991545906666728
7005,0.7005,0.6992573951773096
7006,0.7006,0.69936019412626
7007,0.7007,0.6994629875230234
7008,0.7008,0.6995657753770799
7009,0.7009000000000001,0.6996685576978989
7010,0.7010000000000001,0.6997713344949341
7011,0.7011000000000001,0.6998741057776227
7012,0.7012,0.6999768715553896
7013,0.7013,0.7000796318376453
7014,0.7014,0.7001823866337844
7015,0.7015,0.7002851359531884
7016,0.7016,0.7003878798052242
7017,0.7017,0.7004906181992425
7018,0.7018,0.7005933511445822
7019,0.7019000000000001,0.7006960786505664
7020,0.7020000000000001,0.7007988007265042
7021,0.7021000000000001,0.7009015173816904
7022,0.7022,0.701004228625405
7023,0.7023,0.7011069344669142
7024,0.7024,0.701209634915471
7025,0.7025,0.7013123299803123
7026,0.7026,0.7014150196706629
7027,0.7027,0.7015177039957309
7028,0.7028,0.7016203829647112
7029,0.7029000000000001,0.7017230565867871
7030,0.7030000000000001,0.701825724871124
7031,0.7031000000000001,0.7019283878268758
7032,0.7032,0.702031045463181
7033,0.7033,0.7021336977891647
7034,0.7034,0.7022363448139377
7035,0.7035,0.7023389865465968
7036,0.7036,0.7024416229962261
7037,0.7037,0.702544254171893
7038,0.7038,0.7026468800826549
7039,0.7039000000000001,0.7027495007375506
7040,0.7040000000000001,0.7028521161456095
7041,0.7041000000000001,0.7029547263158443
7042,0.7042,0.7030573312572537
7043,0.7043,0.7031599309788256
7044,0.7044,0.7032625254895314
7045,0.7045,0.7033651147983292
7046,0.7046,0.7034676989141642
7047,0.7047,0.7035702778459666
7048,0.7048,0.7036728516026536
7049,0.7049000000000001,0.7037754201931299
7050,0.7050000000000001,0.7038779836262843
7051,0.7051000000000001,0.7039805419109942
7052,0.7052,0.7040830950561214
7053,0.7053,0.7041856430705149
7054,0.7054,0.7042881859630112
7055,0.7055,0.7043907237424317
7056,0.7056,0.7044932564175846
7057,0.7057,0.7045957839972654
7058,0.7058,0.7046983064902562
7059,0.7059000000000001,0.7048008239053234
7060,0.7060000000000001,0.7049033362512236
7061,0.7061000000000001,0.7050058435366966
7062,0.7062,0.705108345770471
7063,0.7063,0.7052108429612607
7064,0.7064,0.705313335117767
7065,0.7065,0.7054158222486778
7066,0.7066,0.7055183043626684
7067,0.7067,0.7056207814683986
7068,0.7068,0.7057232535745169
7069,0.7069000000000001,0.7058257206896582
7070,0.7070000000000001,0.7059281828224436
7071,0.7071000000000001,0.7060306399814825
7072,0.7072,0.7061330921753683
7073,0.7073,0.7062355394126838
7074,0.7074,0.7063379817019981
7075,0.7075,0.7064404190518665
7076,0.7076,0.7065428514708314
7077,0.7077,0.7066452789674227
7078,0.7078,0.7067477015501561
7079,0.7079000000000001,0.7068501192275372
7080,0.7080000000000001,0.7069525320080539
7081,0.7081000000000001,0.7070549399001845
7082,0.7082,0.707157342912393
7083,0.7083,0.707259741053132
7084,0.7084,0.7073621343308395
7085,0.7085,0.7074645227539409
7086,0.7086,0.7075669063308494
7087,0.7087,0.7076692850699637
7088,0.7088,0.7077716589796728
7089,0.7089000000000001,0.7078740280683492
7090,0.7090000000000001,0.7079763923443554
7091,0.7091000000000001,0.7080787518160391
7092,0.7092,0.7081811064917363
7093,0.7093,0.7082834563797707
7094,0.7094,0.7083858014884522
7095,0.7095,0.7084881418260776
7096,0.7096,0.7085904774009331
7097,0.7097,0.7086928082212911
7098,0.7098,0.7087951342954094
7099,0.7099000000000001,0.7088974556315369
7100,0.7100000000000001,0.7089997722379073
7101,0.7101000000000001,0.7091020841227419
7102,0.7102,0.7092043912942507
7103,0.7103,0.7093066937606292
7104,0.7104,0.7094089915300623
7105,0.7105,0.7095112846107218
7106,0.7106,0.709613573010766
7107,0.7107,0.7097158567383425
7108,0.7108,0.7098181358015846
7109,0.7109000000000001,0.7099204102086142
7110,0.7110000000000001,0.7100226799675402
7111,0.7111000000000001,0.710124945086461
7112,0.7112,0.7102272055734592
7113,0.7113,0.7103294614366085
7114,0.7114,0.7104317126839671
7115,0.7115,0.7105339593235841
7116,0.7116,0.7106362013634944
7117,0.7117,0.7107384388117194
7118,0.7118,0.7108406716762716
7119,0.7119000000000001,0.7109428999651486
7120,0.7120000000000001,0.7110451236863364
7121,0.7121000000000001,0.7111473428478099
7122,0.7122,0.7112495574575282
7123,0.7123,0.7113517675234441
7124,0.7124,0.7114539730534936
7125,0.7125,0.7115561740556013
7126,0.7126,0.7116583705376822
7127,0.7127,0.7117605625076358
7128,0.7128,0.7118627499733513
7129,0.7129000000000001,0.7119649329427065
7130,0.7130000000000001,0.7120671114235658
7131,0.7131000000000001,0.7121692854237816
7132,0.7132000000000001,0.7122714549511955
7133,0.7133,0.7123736200136357
7134,0.7134,0.7124757806189197
7135,0.7135,0.7125779367748527
7136,0.7136,0.7126800884892273
7137,0.7137,0.7127822357698239
7138,0.7138,0.7128843786244127
7139,0.7139,0.7129865170607519
7140,0.7140000000000001,0.713088651086585
7141,0.7141000000000001,0.7131907807096466
7142,0.7142000000000001,0.7132929059376588
7143,0.7143,0.7133950267783304
7144,0.7144,0.713497143239362
7145,0.7145,0.713599255328438
7146,0.7146,0.7137013630532342
7147,0.7147,0.713803466421412
7148,0.7148,0.7139055654406249
7149,0.7149,0.7140076601185111
7150,0.7150000000000001,0.7141097504626993
7151,0.7151000000000001,0.7142118364808051
7152,0.7152000000000001,0.7143139181804331
7153,0.7153,0.7144159955691768
7154,0.7154,0.714518068654617
7155,0.7155,0.7146201374443232
7156,0.7156,0.7147222019458548
7157,0.7157,0.7148242621667574
7158,0.7158,0.7149263181145673
7159,0.7159,0.7150283697968066
7160,0.7160000000000001,0.7151304172209881
7161,0.7161000000000001,0.715232460394612
7162,0.7162000000000001,0.715334499325168
7163,0.7163,0.7154365340201342
7164,0.7164,0.7155385644869748
7165,0.7165,0.7156405907331477
7166,0.7166,0.7157426127660932
7167,0.7167,0.7158446305932458
7168,0.7168,0.7159466442220245
7169,0.7169,0.7160486536598398
7170,0.7170000000000001,0.7161506589140892
7171,0.7171000000000001,0.7162526599921599
7172,0.7172000000000001,0.7163546569014262
7173,0.7173,0.7164566496492533
7174,0.7174,0.7165586382429936
7175,0.7175,0.7166606226899889
7176,0.7176,0.7167626029975694
7177,0.7177,0.7168645791730539
7178,0.7178,0.7169665512237511
7179,0.7179,0.7170685191569575
7180,0.7180000000000001,0.7171704829799594
7181,0.7181000000000001,0.7172724427000301
7182,0.7182000000000001,0.7173743983244335
7183,0.7183,0.7174763498604219
7184,0.7184,0.717578297315237
7185,0.7185,0.7176802406961079
7186,0.7186,0.7177821800102543
7187,0.7187,0.7178841152648839
7188,0.7188,0.7179860464671939
7189,0.7189,0.7180879736243697
7190,0.7190000000000001,0.7181898967435872
7191,0.7191000000000001,0.71829181583201
7192,0.7192000000000001,0.7183937308967899
7193,0.7193,0.7184956419450713
7194,0.7194,0.7185975489839835
7195,0.7195,0.7186994520206471
7196,0.7196,0.7188013510621718
7197,0.7197,0.7189032461156559
7198,0.7198,0.7190051371881864
7199,0.7199,0.719107024286841
7200,0.7200000000000001,0.7192089074186856
7201,0.7201000000000001,0.7193107865907744
7202,0.7202000000000001,0.7194126618101526
7203,0.7203,0.7195145330838534
7204,0.7204,0.719616400418899
7205,0.7205,0.7197182638223015
7206,0.7206,0.7198201233010634
7207,0.7207,0.7199219788621737
7208,0.7208,0.720023830512613
7209,0.7209,0.7201256782593501
7210,0.7210000000000001,0.7202275221093442
7211,0.7211000000000001,0.7203293620695423
7212,0.7212000000000001,0.7204311981468821
7213,0.7213,0.7205330303482893
7214,0.7214,0.7206348586806812
7215,0.7215,0.7207366831509616
7216,0.7216,0.7208385037660268
7217,0.7217,0.7209403205327599
7218,0.7218,0.721042133458035
7219,0.7219,0.7211439425487155
7220,0.7220000000000001,0.7212457478116534
7221,0.7221000000000001,0.721347549253691
7222,0.7222000000000001,0.7214493468816603
7223,0.7223,0.7215511407023822
7224,0.7224,0.7216529307226678
7225,0.7225,0.721754716949316
7226,0.7226,0.7218564993891191
7227,0.7227,0.7219582780488537
7228,0.7228,0.7220600529352911
7229,0.7229,0.7221618240551892
7230,0.7230000000000001,0.7222635914152966
7231,0.7231000000000001,0.7223653550223499
7232,0.7232000000000001,0.7224671148830792
7233,0.7233,0.7225688710041993
7234,0.7234,0.7226706233924192
7235,0.7235,0.7227723720544345
7236,0.7236,0.7228741169969314
7237,0.7237,0.722975858226587
7238,0.7238,0.723077595750068
7239,0.7239,0.7231793295740275
7240,0.7240000000000001,0.7232810597051144
7241,0.7241000000000001,0.7233827861499611
7242,0.7242000000000001,0.7234845089151948
7243,0.7243,0.723586228007429
7244,0.7244,0.7236879434332697
7245,0.7245,0.7237896551993117
7246,0.7246,0.7238913633121381
7247,0.7247,0.7239930677783252
7248,0.7248,0.7240947686044362
7249,0.7249,0.7241964657970262
7250,0.7250000000000001,0.7242981593626387
7251,0.7251000000000001,0.7243998493078085
7252,0.7252000000000001,0.72450153563906
7253,0.7253000000000001,0.7246032183629064
7254,0.7254,0.7247048974858524
7255,0.7255,0.7248065730143929
7256,0.7256,0.7249082449550107
7257,0.7257,0.7250099133141806
7258,0.7258,0.7251115780983682
7259,0.7259,0.7252132393140256
7260,0.7260000000000001,0.7253148969676
7261,0.7261000000000001,0.725416551065523
7262,0.7262000000000001,0.7255182016142211
7263,0.7263000000000001,0.7256198486201086
7264,0.7264,0.7257214920895906
7265,0.7265,0.7258231320290612
7266,0.7266,0.7259247684449078
7267,0.7267,0.7260264013435037
7268,0.7268,0.7261280307312165
7269,0.7269,0.7262296566144001
7270,0.727,0.7263312789994013
7271,0.7271000000000001,0.7264328978925576
7272,0.7272000000000001,0.7265345133001937
7273,0.7273000000000001,0.7266361252286284
7274,0.7274,0.7267377336841668
7275,0.7275,0.7268393386731077
7276,0.7276,0.7269409402017389
7277,0.7277,0.7270425382763377
7278,0.7278,0.7271441329031731
7279,0.7279,0.727245724088503
7280,0.728,0.7273473118385785
7281,0.7281000000000001,0.7274488961596365
7282,0.7282000000000001,0.7275504770579092
7283,0.7283000000000001,0.7276520545396159
7284,0.7284,0.727753628610967
7285,0.7285,0.7278551992781648
7286,0.7286,0.7279567665473998
7287,0.7287,0.728058330424854
7288,0.7288,0.7281598909167014
7289,0.7289,0.7282614480291036
7290,0.729,0.7283630017682153
7291,0.7291000000000001,0.72846455214018
7292,0.7292000000000001,0.7285660991511325
7293,0.7293000000000001,0.7286676428071978
7294,0.7294,0.7287691831144921
7295,0.7295,0.7288707200791212
7296,0.7296,0.7289722537071814
7297,0.7297,0.7290737840047622
7298,0.7298,0.7291753109779393
7299,0.7299,0.7292768346327838
7300,0.73,0.729378354975353
7301,0.7301000000000001,0.7294798720116987
7302,0.7302000000000001,0.7295813857478605
7303,0.7303000000000001,0.72968289618987
7304,0.7304,0.7297844033437493
7305,0.7305,0.7298859072155114
7306,0.7306,0.729987407811159
7307,0.7307,0.7300889051366877
7308,0.7308,0.7301903991980818
7309,0.7309,0.7302918900013171
7310,0.731,0.7303933775523602
7311,0.7311000000000001,0.7304948618571682
7312,0.7312000000000001,0.7305963429216896
7313,0.7313000000000001,0.7306978207518628
7314,0.7314,0.7307992953536181
7315,0.7315,0.7309007667328765
7316,0.7316,0.7310022348955479
7317,0.7317,0.7311036998475363
7318,0.7318,0.7312051615947338
7319,0.7319,0.7313066201430246
7320,0.732,0.7314080754982852
7321,0.7321000000000001,0.7315095276663797
7322,0.7322000000000001,0.7316109766531652
7323,0.7323000000000001,0.7317124224644899
7324,0.7324,0.731813865106193
7325,0.7325,0.7319153045841037
7326,0.7326,0.7320167409040431
7327,0.7327,0.7321181740718226
7328,0.7328,0.7322196040932443
7329,0.7329,0.7323210309741027
7330,0.733,0.7324224547201827
7331,0.7331000000000001,0.7325238753372604
7332,0.7332000000000001,0.732625292831101
7333,0.7333000000000001,0.7327267072074646
7334,0.7334,0.7328281184720983
7335,0.7335,0.7329295266307442
7336,0.7336,0.7330309316891317
7337,0.7337,0.7331323336529847
7338,0.7338,0.733233732528015
7339,0.7339,0.7333351283199292
7340,0.734,0.7334365210344217
7341,0.7341000000000001,0.7335379106771803
7342,0.7342000000000001,0.7336392972538821
7343,0.7343000000000001,0.7337406807701982
7344,0.7344,0.7338420612317871
7345,0.7345,0.7339434386443026
7346,0.7346,0.7340448130133862
7347,0.7347,0.7341461843446724
7348,0.7348,0.7342475526437878
7349,0.7349,0.7343489179163488
7350,0.735,0.7344502801679622
7351,0.7351000000000001,0.7345516394042301
7352,0.7352000000000001,0.73465299563074
7353,0.7353000000000001,0.7347543488530759
7354,0.7354,0.7348556990768115
7355,0.7355,0.7349570463075102
7356,0.7356,0.7350583905507285
7357,0.7357,0.735159731812014
7358,0.7358,0.7352610700969064
7359,0.7359,0.735362405410934
7360,0.736,0.7354637377596197
7361,0.7361000000000001,0.735565067148477
7362,0.7362000000000001,0.7356663935830092
7363,0.7363000000000001,0.735767717068713
7364,0.7364,0.7358690376110749
7365,0.7365,0.735970355215575
7366,0.7366,0.7360716698876827
7367,0.7367,0.7361729816328605
7368,0.7368,0.7362742904565609
7369,0.7369,0.736375596364229
7370,0.737,0.7364768993613012
7371,0.7371000000000001,0.7365781994532058
7372,0.7372000000000001,0.736679496645362
7373,0.7373000000000001,0.7367807909431808
7374,0.7374,0.7368820823520648
7375,0.7375,0.7369833708774082
7376,0.7376,0.7370846565245962
7377,0.7377,0.7371859392990074
7378,0.7378,0.737287219206009
7379,0.7379,0.7373884962509639
7380,0.738,0.7374897704392225
7381,0.7381000000000001,0.7375910417761307
7382,0.7382000000000001,0.737692310267022
7383,0.7383000000000001,0.7377935759172239
7384,0.7384000000000001,0.7378948387320571
7385,0.7385,0.7379960987168305
7386,0.7386,0.7380973558768485
7387,0.7387,0.7381986102174031
7388,0.7388,0.7382998617437809
7389,0.7389,0.7384011104612601
7390,0.739,0.7385023563751091
7391,0.7391000000000001,0.73860359949059
7392,0.7392000000000001,0.7387048398129558
7393,0.7393000000000001,0.7388060773474506
7394,0.7394000000000001,0.7389073120993105
7395,0.7395,0.7390085440737646
7396,0.7396,0.7391097732760338
7397,0.7397,0.7392109997113286
7398,0.7398,0.7393122233848534
7399,0.7399,0.7394134443018048
7400,0.74,0.7395146624673695
7401,0.7401,0.7396158778867274
7402,0.7402000000000001,0.7397170905650496
7403,0.7403000000000001,0.7398183005075002
7404,0.7404000000000001,0.7399195077192331
7405,0.7405,0.7400207122053967
7406,0.7406,0.7401219139711295
7407,0.7407,0.7402231130215623
7408,0.7408,0.7403243093618193
7409,0.7409,0.7404255029970145
7410,0.741,0.7405266939322552
7411,0.7411,0.7406278821726406
7412,0.7412000000000001,0.7407290677232614
7413,0.7413000000000001,0.7408302505892004
7414,0.7414000000000001,0.7409314307755339
7415,0.7415,0.7410326082873276
7416,0.7416,0.7411337831296407
7417,0.7417,0.7412349553075261
7418,0.7418,0.7413361248260248
7419,0.7419,0.7414372916901741
7420,0.742,0.7415384559050007
7421,0.7421,0.7416396174755235
7422,0.7422000000000001,0.7417407764067566
7423,0.7423000000000001,0.7418419327037007
7424,0.7424000000000001,0.7419430863713538
7425,0.7425,0.7420442374147042
7426,0.7426,0.7421453858387314
7427,0.7427,0.7422465316484074
7428,0.7428,0.742347674848698
7429,0.7429,0.74244881544456
7430,0.743,0.742549953440942
7431,0.7431,0.7426510888427854
7432,0.7432000000000001,0.7427522216550236
7433,0.7433000000000001,0.7428533518825833
7434,0.7434000000000001,0.7429544795303812
7435,0.7435,0.743055604603329
7436,0.7436,0.743156727106328
7437,0.7437,0.7432578470442733
7438,0.7438,0.743358964422052
7439,0.7439,0.7434600792445439
7440,0.744,0.7435611915166208
7441,0.7441,0.7436623012431467
7442,0.7442000000000001,0.7437634084289783
7443,0.7443000000000001,0.7438645130789641
7444,0.7444000000000001,0.7439656151979444
7445,0.7445,0.7440667147907538
7446,0.7446,0.744167811862218
7447,0.7447,0.7442689064171545
7448,0.7448,0.7443699984603743
7449,0.7449,0.7444710879966817
7450,0.745,0.7445721750308709
7451,0.7451,0.744673259567729
7452,0.7452000000000001,0.7447743416120381
7453,0.7453000000000001,0.7448754211685711
7454,0.7454000000000001,0.7449764982420918
7455,0.7455,0.7450775728373581
7456,0.7456,0.7451786449591212
7457,0.7457,0.7452797146121234
7458,0.7458,0.7453807818011003
7459,0.7459,0.7454818465307785
7460,0.746,0.7455829088058799
7461,0.7461,0.7456839686311154
7462,0.7462000000000001,0.7457850260111919
7463,0.7463000000000001,0.7458860809508068
7464,0.7464000000000001,0.7459871334546503
7465,0.7465,0.7460881835274062
7466,0.7466,0.7461892311737491
7467,0.7467,0.7462902763983472
7468,0.7468,0.7463913192058619
7469,0.7469,0.7464923596009475
7470,0.747,0.7465933975882478
7471,0.7471,0.7466944331724032
7472,0.7472000000000001,0.7467954663580454
7473,0.7473000000000001,0.7468964971497963
7474,0.7474000000000001,0.7469975255522755
7475,0.7475,0.7470985515700895
7476,0.7476,0.7471995752078415
7477,0.7477,0.7473005964701271
7478,0.7478,0.7474016153615328
7479,0.7479,0.7475026318866385
7480,0.748,0.7476036460500174
7481,0.7481,0.7477046578562361
7482,0.7482000000000001,0.7478056673098511
7483,0.7483000000000001,0.7479066744154147
7484,0.7484000000000001,0.7480076791774711
7485,0.7485,0.7481086816005559
7486,0.7486,0.7482096816891997
7487,0.7487,0.7483106794479232
7488,0.7488,0.7484116748812428
7489,0.7489,0.7485126679936663
7490,0.749,0.7486136587896938
7491,0.7491,0.7487146472738188
7492,0.7492000000000001,0.7488156334505283
7493,0.7493000000000001,0.7489166173243009
7494,0.7494000000000001,0.7490175988996093
7495,0.7495,0.7491185781809179
7496,0.7496,0.7492195551726847
7497,0.7497,0.7493205298793612
7498,0.7498,0.7494215023053896
7499,0.7499,0.7495224724552079
7500,0.75,0.7496234403332445
7501,0.7501,0.749724405943923
7502,0.7502000000000001,0.7498253692916571
7503,0.7503000000000001,0.7499263303808568
7504,0.7504000000000001,0.7500272892159223
7505,0.7505000000000001,0.7501282458012484
7506,0.7506,0.7502292001412225
7507,0.7507,0.750330152240224
7508,0.7508,0.7504311021026264
7509,0.7509,0.7505320497327964
7510,0.751,0.7506329951350926
7511,0.7511,0.7507339383138684
7512,0.7512000000000001,0.7508348792734678
7513,0.7513000000000001,0.7509358180182298
7514,0.7514000000000001,0.7510367545524861
7515,0.7515000000000001,0.7511376888805606
7516,0.7516,0.7512386210067714
7517,0.7517,0.7513395509354288
7518,0.7518,0.7514404786708366
7519,0.7519,0.7515414042172917
7520,0.752,0.7516423275790843
7521,0.7521,0.7517432487604968
7522,0.7522000000000001,0.7518441677658063
7523,0.7523000000000001,0.7519450845992811
7524,0.7524000000000001,0.7520459992651854
7525,0.7525000000000001,0.7521469117677739
7526,0.7526,0.7522478221112948
7527,0.7527,0.752348730299991
7528,0.7528,0.7524496363380971
7529,0.7529,0.7525505402298418
7530,0.753,0.7526514419794478
7531,0.7531,0.7527523415911285
7532,0.7532,0.7528532390690917
7533,0.7533000000000001,0.75295413441754
7534,0.7534000000000001,0.7530550276406679
7535,0.7535000000000001,0.7531559187426626
7536,0.7536,0.7532568077277042
7537,0.7537,0.7533576945999693
7538,0.7538,0.7534585793636239
7539,0.7539,0.7535594620228288
7540,0.754,0.7536603425817393
7541,0.7541,0.7537612210445019
7542,0.7542,0.7538620974152584
7543,0.7543000000000001,0.7539629716981421
7544,0.7544000000000001,0.7540638438972804
7545,0.7545000000000001,0.7541647140167953
7546,0.7546,0.7542655820608
7547,0.7547,0.7543664480334015
7548,0.7548,0.7544673119387021
7549,0.7549,0.7545681737807957
7550,0.755,0.7546690335637699
7551,0.7551,0.7547698912917059
7552,0.7552,0.754870746968677
7553,0.7553000000000001,0.754971600598753
7554,0.7554000000000001,0.7550724521859948
7555,0.7555000000000001,0.7551733017344558
7556,0.7556,0.7552741492481853
7557,0.7557,0.7553749947312254
7558,0.7558,0.7554758381876105
7559,0.7559,0.7555766796213689
7560,0.756,0.755677519036524
7561,0.7561,0.7557783564370902
7562,0.7562,0.7558791918270763
7563,0.7563000000000001,0.7559800252104868
7564,0.7564000000000001,0.7560808565913152
7565,0.7565000000000001,0.756181685973553
7566,0.7566,0.7562825133611831
7567,0.7567,0.7563833387581811
7568,0.7568,0.7564841621685185
7569,0.7569,0.7565849835961592
7570,0.757,0.7566858030450587
7571,0.7571,0.7567866205191696
7572,0.7572,0.7568874360224358
7573,0.7573000000000001,0.7569882495587963
7574,0.7574000000000001,0.7570890611321817
7575,0.7575000000000001,0.7571898707465178
7576,0.7576,0.7572906784057226
7577,0.7577,0.7573914841137105
7578,0.7578,0.7574922878743867
7579,0.7579,0.7575930896916504
7580,0.758,0.7576938895693967
7581,0.7581,0.7577946875115121
7582,0.7582,0.7578954835218757
7583,0.7583000000000001,0.757996277604365
7584,0.7584000000000001,0.7580970697628461
7585,0.7585000000000001,0.7581978600011817
7586,0.7586,0.7582986483232271
7587,0.7587,0.7583994347328319
7588,0.7588,0.7585002192338396
7589,0.7589,0.7586010018300858
7590,0.759,0.758701782525401
7591,0.7591,0.7588025613236115
7592,0.7592,0.7589033382285331
7593,0.7593000000000001,0.7590041132439779
7594,0.7594000000000001,0.7591048863737523
7595,0.7595000000000001,0.7592056576216557
7596,0.7596,0.7593064269914803
7597,0.7597,0.7594071944870132
7598,0.7598,0.7595079601120358
7599,0.7599,0.7596087238703221
7600,0.76,0.7597094857656407
7601,0.7601,0.7598102458017536
7602,0.7602,0.7599110039824175
7603,0.7603000000000001,0.7600117603113814
7604,0.7604000000000001,0.7601125147923893
7605,0.7605000000000001,0.7602132674291794
7606,0.7606,0.7603140182254825
7607,0.7607,0.7604147671850237
7608,0.7608,0.7605155143115231
7609,0.7609,0.7606162596086932
7610,0.761,0.7607170030802407
7611,0.7611,0.7608177447298684
7612,0.7612,0.7609184845612689
7613,0.7613000000000001,0.7610192225781335
7614,0.7614000000000001,0.7611199587841423
7615,0.7615000000000001,0.7612206931829735
7616,0.7616,0.7613214257782974
7617,0.7617,0.761422156573779
7618,0.7618,0.7615228855730766
7619,0.7619,0.7616236127798437
7620,0.762,0.7617243381977248
7621,0.7621,0.7618250618303622
7622,0.7622,0.7619257836813901
7623,0.7623000000000001,0.7620265037544367
7624,0.7624000000000001,0.7621272220531247
7625,0.7625000000000001,0.7622279385810712
7626,0.7626000000000001,0.762328653341886
7627,0.7627,0.7624293663391748
7628,0.7628,0.762530077576536
7629,0.7629,0.7626307870575629
7630,0.763,0.7627314947858409
7631,0.7631,0.762832200764952
7632,0.7632,0.7629329049984717
7633,0.7633000000000001,0.7630336074899685
7634,0.7634000000000001,0.763134308243006
7635,0.7635000000000001,0.7632350072611411
7636,0.7636000000000001,0.7633357045479259
7637,0.7637,0.7634364001069052
7638,0.7638,0.7635370939416187
7639,0.7639,0.7636377860556012
7640,0.764,0.7637384764523806
7641,0.7641,0.763839165135479
7642,0.7642,0.7639398521084122
7643,0.7643000000000001,0.7640405373746912
7644,0.7644000000000001,0.7641412209378197
7645,0.7645000000000001,0.7642419028012982
7646,0.7646000000000001,0.7643425829686191
7647,0.7647,0.7644432614432692
7648,0.7648,0.7645439382287305
7649,0.7649,0.7646446133284791
7650,0.765,0.7647452867459834
7651,0.7651,0.7648459584847099
7652,0.7652,0.7649466285481147
7653,0.7653000000000001,0.7650472969396525
7654,0.7654000000000001,0.7651479636627693
7655,0.7655000000000001,0.7652486287209055
7656,0.7656000000000001,0.7653492921174976
7657,0.7657,0.7654499538559751
7658,0.7658,0.7655506139397628
7659,0.7659,0.7656512723722778
7660,0.766,0.7657519291569328
7661,0.7661,0.765852584297136
7662,0.7662,0.7659532377962869
7663,0.7663000000000001,0.7660538896577836
7664,0.7664000000000001,0.7661545398850129
7665,0.7665000000000001,0.766255188481362
7666,0.7666000000000001,0.7663558354502077
7667,0.7667,0.766456480794924
7668,0.7668,0.7665571245188766
7669,0.7669,0.7666577666254293
7670,0.767,0.7667584071179381
7671,0.7671,0.7668590459997521
7672,0.7672,0.7669596832742164
7673,0.7673,0.7670603189446712
7674,0.7674000000000001,0.7671609530144503
7675,0.7675000000000001,0.7672615854868804
7676,0.7676000000000001,0.7673622163652863
7677,0.7677,0.7674628456529825
7678,0.7678,0.7675634733532822
7679,0.7679,0.7676640994694904
7680,0.768,0.7677647240049087
7681,0.7681,0.7678653469628303
7682,0.7682,0.7679659683465451
7683,0.7683,0.7680665881593375
7684,0.7684000000000001,0.7681672064044848
7685,0.7685000000000001,0.76826782308526
7686,0.7686000000000001,0.7683684382049302
7687,0.7687,0.7684690517667583
7688,0.7688,0.7685696637739994
7689,0.7689,0.7686702742299044
7690,0.769,0.7687708831377185
7691,0.7691,0.7688714905006819
7692,0.7692,0.7689720963220296
7693,0.7693,0.7690727006049901
7694,0.7694000000000001,0.7691733033527863
7695,0.7695000000000001,0.7692739045686371
7696,0.7696000000000001,0.7693745042557548
7697,0.7697,0.7694751024173461
7698,0.7698,0.7695756990566145
7699,0.7699,0.7696762941767543
7700,0.77,0.7697768877809581
7701,0.7701,0.7698774798724107
7702,0.7702,0.7699780704542938
7703,0.7703,0.7700786595297804
7704,0.7704000000000001,0.770179247102041
7705,0.7705000000000001,0.7702798331742402
7706,0.7706000000000001,0.7703804177495356
7707,0.7707,0.770481000831082
7708,0.7708,0.7705815824220266
7709,0.7709,0.7706821625255126
7710,0.771,0.7707827411446777
7711,0.7711,0.7708833182826533
7712,0.7712,0.7709838939425671
7713,0.7713,0.7710844681275403
7714,0.7714000000000001,0.7711850408406893
7715,0.7715000000000001,0.7712856120851243
7716,0.7716000000000001,0.7713861818639528
7717,0.7717,0.7714867501802735
7718,0.7718,0.7715873170371828
7719,0.7719,0.7716878824377698
7720,0.772,0.7717884463851191
7721,0.7721,0.7718890088823103
7722,0.7722,0.7719895699324179
7723,0.7723,0.7720901295385114
7724,0.7724000000000001,0.7721906877036532
7725,0.7725000000000001,0.7722912444309022
7726,0.7726000000000001,0.7723917997233117
7727,0.7727,0.7724923535839306
7728,0.7728,0.7725929060158012
7729,0.7729,0.7726934570219609
7730,0.773,0.7727940066054433
7731,0.7731,0.7728945547692742
7732,0.7732,0.772995101516477
7733,0.7733,0.7730956468500682
7734,0.7734000000000001,0.7731961907730605
7735,0.7735000000000001,0.7732967332884593
7736,0.7736000000000001,0.7733972743992676
7737,0.7737,0.7734978141084811
7738,0.7738,0.7735983524190909
7739,0.7739,0.7736988893340843
7740,0.774,0.7737994248564414
7741,0.7741,0.7738999589891382
7742,0.7742,0.7740004917351463
7743,0.7743,0.774101023097431
7744,0.7744000000000001,0.774201553078954
7745,0.7745000000000001,0.7743020816826696
7746,0.7746000000000001,0.7744026089115295
7747,0.7747,0.7745031347684785
7748,0.7748,0.7746036592564569
7749,0.7749,0.7747041823784011
7750,0.775,0.7748047041372412
7751,0.7751,0.7749052245359033
7752,0.7752,0.7750057435773055
7753,0.7753,0.7751062612643648
7754,0.7754000000000001,0.7752067775999917
7755,0.7755000000000001,0.7753072925870909
7756,0.7756000000000001,0.7754078062285629
7757,0.7757000000000001,0.7755083185273018
7758,0.7758,0.7756088294862002
7759,0.7759,0.775709339108142
7760,0.776,0.7758098473960069
7761,0.7761,0.7759103543526724
7762,0.7762,0.7760108599810068
7763,0.7763,0.7761113642838774
7764,0.7764000000000001,0.7762118672641434
7765,0.7765000000000001,0.776312368924661
7766,0.7766000000000001,0.776412869268281
7767,0.7767000000000001,0.7765133682978483
7768,0.7768,0.7766138660162043
7769,0.7769,0.7767143624261846
7770,0.777,0.7768148575306217
7771,0.7771,0.7769153513323392
7772,0.7772,0.7770158438341602
7773,0.7773,0.7771163350389002
7774,0.7774000000000001,0.7772168249493717
7775,0.7775000000000001,0.7773173135683793
7776,0.7776000000000001,0.7774178008987264
7777,0.7777000000000001,0.7775182869432099
7778,0.7778,0.7776187717046197
7779,0.7779,0.7777192551857457
7780,0.778,0.7778197373893683
7781,0.7781,0.7779202183182654
7782,0.7782,0.7780206979752102
7783,0.7783,0.7781211763629704
7784,0.7784000000000001,0.7782216534843087
7785,0.7785000000000001,0.7783221293419836
7786,0.7786000000000001,0.7784226039387476
7787,0.7787000000000001,0.7785230772773499
7788,0.7788,0.7786235493605357
7789,0.7789,0.7787240201910417
7790,0.779,0.7788244897716032
7791,0.7791,0.7789249581049495
7792,0.7792,0.7790254251938064
7793,0.7793,0.7791258910408927
7794,0.7794000000000001,0.7792263556489246
7795,0.7795000000000001,0.7793268190206114
7796,0.7796000000000001,0.7794272811586597
7797,0.7797000000000001,0.7795277420657697
7798,0.7798,0.779628201744639
7799,0.7799,0.7797286601979586
7800,0.78,0.7798291174284147
7801,0.7801,0.7799295734386904
7802,0.7802,0.7800300282314628
7803,0.7803,0.7801304818094047
7804,0.7804,0.7802309341751843
7805,0.7805000000000001,0.7803313853314652
7806,0.7806000000000001,0.780431835280906
7807,0.7807000000000001,0.7805322840261608
7808,0.7808,0.7806327315698788
7809,0.7809,0.7807331779147055
7810,0.781,0.7808336230632797
7811,0.7811,0.7809340670182383
7812,0.7812,0.7810345097822116
7813,0.7813,0.7811349513578256
7814,0.7814,0.7812353917477023
7815,0.7815000000000001,0.7813358309544594
7816,0.7816000000000001,0.7814362689807077
7817,0.7817000000000001,0.7815367058290557
7818,0.7818,0.7816371415021075
7819,0.7819,0.78173757600246
7820,0.782,0.7818380093327089
7821,0.7821,0.7819384414954427
7822,0.7822,0.7820388724932471
7823,0.7823,0.7821393023287014
7824,0.7824,0.7822397310043816
7825,0.7825000000000001,0.7823401585228598
7826,0.7826000000000001,0.7824405848867022
7827,0.7827000000000001,0.7825410100984702
7828,0.7828,0.7826414341607217
7829,0.7829,0.7827418570760106
7830,0.783,0.7828422788468856
7831,0.7831,0.7829426994758891
7832,0.7832,0.7830431189655623
7833,0.7833,0.7831435373184394
7834,0.7834,0.783243954537051
7835,0.7835000000000001,0.783344370623924
7836,0.7836000000000001,0.7834447855815784
7837,0.7837000000000001,0.7835451994125331
7838,0.7838,0.7836456121192986
7839,0.7839,0.7837460237043851
7840,0.784,0.7838464341702959
7841,0.7841,0.7839468435195286
7842,0.7842,0.7840472517545806
7843,0.7843,0.7841476588779405
7844,0.7844,0.7842480648920941
7845,0.7845000000000001,0.7843484697995239
7846,0.7846000000000001,0.7844488736027068
7847,0.7847000000000001,0.7845492763041146
7848,0.7848,0.7846496779062161
7849,0.7849,0.7847500784114764
7850,0.785,0.7848504778223523
7851,0.7851,0.7849508761413019
7852,0.7852,0.785051273370773
7853,0.7853,0.7851516695132145
7854,0.7854,0.7852520645710661
7855,0.7855000000000001,0.7853524585467672
7856,0.7856000000000001,0.7854528514427499
7857,0.7857000000000001,0.7855532432614434
7858,0.7858,0.785653634005272
7859,0.7859,0.7857540236766565
7860,0.786,0.7858544122780117
7861,0.7861,0.7859547998117501
7862,0.7862,0.7860551862802775
7863,0.7863,0.7861555716859986
7864,0.7864,0.7862559560313109
7865,0.7865000000000001,0.7863563393186088
7866,0.7866000000000001,0.7864567215502825
7867,0.7867000000000001,0.7865571027287167
7868,0.7868,0.786657482856293
7869,0.7869,0.7867578619353895
7870,0.787,0.7868582399683786
7871,0.7871,0.7869586169576279
7872,0.7872,0.7870589929055031
7873,0.7873,0.7871593678143624
7874,0.7874,0.7872597416865634
7875,0.7875000000000001,0.7873601145244564
7876,0.7876000000000001,0.7874604863303887
7877,0.7877000000000001,0.7875608571067041
7878,0.7878000000000001,0.78766122685574
7879,0.7879,0.7877615955798329
7880,0.788,0.7878619632813113
7881,0.7881,0.7879623299625023
7882,0.7882,0.788062695625728
7883,0.7883,0.7881630602733055
7884,0.7884,0.7882634239075484
7885,0.7885000000000001,0.788363786530766
7886,0.7886000000000001,0.7884641481452642
7887,0.7887000000000001,0.7885645087533432
7888,0.7888000000000001,0.7886648683573008
7889,0.7889,0.7887652269594275
7890,0.789,0.7888655845620142
7891,0.7891,0.7889659411673441
7892,0.7892,0.7890662967776972
7893,0.7893,0.7891666513953502
7894,0.7894,0.7892670050225737
7895,0.7895000000000001,0.7893673576616376
7896,0.7896000000000001,0.789467709314804
7897,0.7897000000000001,0.7895680599843319
7898,0.7898000000000001,0.7896684096724782
7899,0.7899,0.7897687583814941
7900,0.79,0.7898691061136254
7901,0.7901,0.7899694528711166
7902,0.7902,0.7900697986562052
7903,0.7903,0.7901701434711285
7904,0.7904,0.7902704873181148
7905,0.7905000000000001,0.7903708301993926
7906,0.7906000000000001,0.7904711721171834
7907,0.7907000000000001,0.790571513073707
7908,0.7908000000000001,0.7906718530711779
7909,0.7909,0.7907721921118049
7910,0.791,0.7908725301977971
7911,0.7911,0.7909728673313551
7912,0.7912,0.7910732035146771
7913,0.7913,0.7911735387499591
7914,0.7914,0.79127387303939
7915,0.7915000000000001,0.7913742063851571
7916,0.7916000000000001,0.7914745387894414
7917,0.7917000000000001,0.7915748702544233
7918,0.7918000000000001,0.791675200782275
7919,0.7919,0.7917755303751683
7920,0.792,0.7918758590352692
7921,0.7921,0.7919761867647395
7922,0.7922,0.7920765135657378
7923,0.7923,0.7921768394404194
7924,0.7924,0.7922771643909333
7925,0.7925000000000001,0.7923774884194272
7926,0.7926000000000001,0.7924778115280432
7927,0.7927000000000001,0.7925781337189189
7928,0.7928000000000001,0.7926784549941908
7929,0.7929,0.7927787753559882
7930,0.793,0.7928790948064377
7931,0.7931,0.7929794133476626
7932,0.7932,0.7930797309817829
7933,0.7933,0.7931800477109116
7934,0.7934,0.7932803635371614
7935,0.7935,0.7933806784626387
7936,0.7936000000000001,0.7934809924894463
7937,0.7937000000000001,0.7935813056196844
7938,0.7938000000000001,0.7936816178554477
7939,0.7939,0.7937819291988292
7940,0.794,0.793882239651915
7941,0.7941,0.79398254921679
7942,0.7942,0.7940828578955336
7943,0.7943,0.7941831656902216
7944,0.7944,0.7942834726029279
7945,0.7945,0.7943837786357186
7946,0.7946000000000001,0.7944840837906603
7947,0.7947000000000001,0.7945843880698121
7948,0.7948000000000001,0.7946846914752328
7949,0.7949,0.7947849940089728
7950,0.795,0.794885295673084
7951,0.7951,0.79498559646961
7952,0.7952,0.795085896400593
7953,0.7953,0.7951861954680709
7954,0.7954,0.7952864936740768
7955,0.7955,0.7953867910206428
7956,0.7956000000000001,0.7954870875097935
7957,0.7957000000000001,0.7955873831435519
7958,0.7958000000000001,0.7956876779239376
7959,0.7959,0.7957879718529649
7960,0.796,0.7958882649326449
7961,0.7961,0.7959885571649864
7962,0.7962,0.7960888485519919
7963,0.7963,0.7961891390956615
7964,0.7964,0.7962894287979914
7965,0.7965,0.796389717660974
7966,0.7966000000000001,0.7964900056865998
7967,0.7967000000000001,0.7965902928768511
7968,0.7968000000000001,0.7966905792337113
7969,0.7969,0.796790864759157
7970,0.797,0.7968911494551626
7971,0.7971,0.7969914333236976
7972,0.7972,0.7970917163667287
7973,0.7973,0.7971919985862185
7974,0.7974,0.7972922799841271
7975,0.7975,0.7973925605624079
7976,0.7976000000000001,0.797492840323015
7977,0.7977000000000001,0.7975931192678939
7978,0.7978000000000001,0.7976933973989903
7979,0.7979,0.797793674718245
7980,0.798,0.7978939512275942
7981,0.7981,0.797994226928972
7982,0.7982,0.7980945018243073
7983,0.7983,0.7981947759155262
7984,0.7984,0.7982950492045517
7985,0.7985,0.7983953216933017
7986,0.7986000000000001,0.7984955933836927
7987,0.7987000000000001,0.7985958642776336
7988,0.7988000000000001,0.7986961343770351
7989,0.7989,0.7987964036837997
7990,0.799,0.7988966721998284
7991,0.7991,0.7989969399270176
7992,0.7992,0.7990972068672622
7993,0.7993,0.7991974730224507
7994,0.7994,0.7992977383944699
7995,0.7995,0.7993980029852019
7996,0.7996000000000001,0.799498266796526
7997,0.7997000000000001,0.7995985298303183
7998,0.7998000000000001,0.7996987920884493
7999,0.7999,0.7997990535727882
8000,0.8,0.7998993142852007
8001,0.8001,0.7999995742275459
8002,0.8002,0.8000998334016826
8003,0.8003,0.8002000918094654
8004,0.8004,0.8003003494527435
8005,0.8005,0.8004006063333654
8006,0.8006000000000001,0.800500862453173
8007,0.8007000000000001,0.800601117814008
8008,0.8008000000000001,0.8007013724177054
8009,0.8009000000000001,0.8008016262660993
8010,0.801,0.8009018793610179
8011,0.8011,0.8010021317042878
8012,0.8012,0.8011023832977314
8013,0.8013,0.801202634143168
8014,0.8014,0.8013028842424118
8015,0.8015,0.8014031335972757
8016,0.8016000000000001,0.8015033822095684
8017,0.8017000000000001,0.801603630081094
8018,0.8018000000000001,0.8017038772136547
8019,0.8019000000000001,0.8018041236090482
8020,0.802,0.8019043692690696
8021,0.8021,0.8020046141955092
8022,0.8022,0.8021048583901544
8023,0.8023,0.8022051018547911
8024,0.8024,0.8023053445911978
8025,0.8025,0.8024055866011539
8026,0.8026000000000001,0.8025058278864331
8027,0.8027000000000001,0.8026060684488049
8028,0.8028000000000001,0.8027063082900368
8029,0.8029000000000001,0.8028065474118918
8030,0.803,0.8029067858161317
8031,0.8031,0.8030070235045118
8032,0.8032,0.8031072604787871
8033,0.8033,0.803207496740706
8034,0.8034,0.8033077322920158
8035,0.8035,0.8034079671344597
8036,0.8036000000000001,0.8035082012697786
8037,0.8037000000000001,0.8036084346997072
8038,0.8038000000000001,0.80370866742598
8039,0.8039000000000001,0.8038088994503264
8040,0.804,0.8039091307744721
8041,0.8041,0.8040093614001413
8042,0.8042,0.8041095913290537
8043,0.8043,0.8042098205629244
8044,0.8044,0.8043100491034668
8045,0.8045,0.8044102769523918
8046,0.8046000000000001,0.8045105041114041
8047,0.8047000000000001,0.8046107305822079
8048,0.8048000000000001,0.8047109563665019
8049,0.8049000000000001,0.8048111814659836
8050,0.805,0.8049114058823451
8051,0.8051,0.8050116296172766
8052,0.8052,0.8051118526724647
8053,0.8053,0.8052120750495908
8054,0.8054,0.8053122967503382
8055,0.8055,0.8054125177763801
8056,0.8056000000000001,0.8055127381293917
8057,0.8057000000000001,0.8056129578110426
8058,0.8058000000000001,0.8057131768229987
8059,0.8059000000000001,0.8058133951669242
8060,0.806,0.8059136128444795
8061,0.8061,0.806013829857322
8062,0.8062,0.8061140462071034
8063,0.8063,0.8062142618954758
8064,0.8064,0.8063144769240854
8065,0.8065,0.8064146912945765
8066,0.8066,0.8065149050085906
8067,0.8067000000000001,0.8066151180677635
8068,0.8068000000000001,0.8067153304737313
8069,0.8069000000000001,0.8068155422281239
8070,0.807,0.8069157533325689
8071,0.8071,0.8070159637886917
8072,0.8072,0.807116173598113
8073,0.8073,0.8072163827624508
8074,0.8074,0.8073165912833212
8075,0.8075,0.8074167991623342
8076,0.8076,0.8075170064011005
8077,0.8077000000000001,0.8076172130012236
8078,0.8078000000000001,0.8077174189643072
8079,0.8079000000000001,0.8078176242919493
8080,0.808,0.8079178289857465
8081,0.8081,0.8080180330472907
8082,0.8082,0.808118236478172
8083,0.8083,0.8082184392799768
8084,0.8084,0.8083186414542881
8085,0.8085,0.8084188430026864
8086,0.8086,0.8085190439267479
8087,0.8087000000000001,0.8086192442280475
8088,0.8088000000000001,0.8087194439081555
8089,0.8089000000000001,0.8088196429686384
8090,0.809,0.8089198414110615
8091,0.8091,0.8090200392369864
8092,0.8092,0.8091202364479709
8093,0.8093,0.8092204330455701
8094,0.8094,0.8093206290313357
8095,0.8095,0.8094208244068178
8096,0.8096,0.80952101917356
8097,0.8097000000000001,0.8096212133331073
8098,0.8098000000000001,0.8097214068869978
8099,0.8099000000000001,0.8098215998367686
8100,0.81,0.809921792183953
8101,0.8101,0.8100219839300808
8102,0.8102,0.8101221750766799
8103,0.8103,0.8102223656252752
8104,0.8104,0.8103225555773865
8105,0.8105,0.8104227449345321
8106,0.8106,0.810522933698229
8107,0.8107000000000001,0.810623121869987
8108,0.8108000000000001,0.8107233094513155
8109,0.8109000000000001,0.8108234964437206
8110,0.811,0.8109236828487064
8111,0.8111,0.8110238686677708
8112,0.8112,0.8111240539024119
8113,0.8113,0.811224238554123
8114,0.8114,0.8113244226243953
8115,0.8115,0.8114246061147168
8116,0.8116,0.8115247890265723
8117,0.8117000000000001,0.8116249713614421
8118,0.8118000000000001,0.8117251531208075
8119,0.8119000000000001,0.8118253343061427
8120,0.812,0.81192551491892
8121,0.8121,0.8120256949606112
8122,0.8122,0.8121258744326815
8123,0.8123,0.8122260533365949
8124,0.8124,0.812326231673814
8125,0.8125,0.8124264094457947
8126,0.8126,0.8125265866539935
8127,0.8127000000000001,0.8126267632998613
8128,0.8128000000000001,0.8127269393848475
8129,0.8129000000000001,0.8128271149103987
8130,0.8130000000000001,0.812927289877958
8131,0.8131,0.8130274642889657
8132,0.8132,0.8131276381448582
8133,0.8133,0.8132278114470718
8134,0.8134,0.8133279841970361
8135,0.8135,0.8134281563961804
8136,0.8136,0.8135283280459308
8137,0.8137000000000001,0.8136284991477091
8138,0.8138000000000001,0.8137286697029351
8139,0.8139000000000001,0.8138288397130267
8140,0.8140000000000001,0.813929009179398
8141,0.8141,0.8140291781034594
8142,0.8142,0.8141293464866182
8143,0.8143,0.8142295143302817
8144,0.8144,0.8143296816358512
8145,0.8145,0.814429848404727
8146,0.8146,0.8145300146383051
8147,0.8147000000000001,0.8146301803379803
8148,0.8148000000000001,0.8147303455051421
8149,0.8149000000000001,0.8148305101411799
8150,0.8150000000000001,0.8149306742474779
8151,0.8151,0.81503083782542
8152,0.8152,0.8151310008763845
8153,0.8153,0.815231163401748
8154,0.8154,0.8153313254028858
8155,0.8155,0.8154314868811686
8156,0.8156,0.8155316478379633
8157,0.8157000000000001,0.8156318082746367
8158,0.8158000000000001,0.8157319681925504
8159,0.8159000000000001,0.8158321275930652
8160,0.8160000000000001,0.8159322864775368
8161,0.8161,0.8160324448473204
8162,0.8162,0.8161326027037676
8163,0.8163,0.8162327600482251
8164,0.8164,0.816332916882041
8165,0.8165,0.8164330732065567
8166,0.8166,0.8165332290231131
8167,0.8167000000000001,0.8166333843330478
8168,0.8168000000000001,0.8167335391376942
8169,0.8169000000000001,0.8168336934383846
8170,0.8170000000000001,0.8169338472364489
8171,0.8171,0.8170340005332137
8172,0.8172,0.8171341533300008
8173,0.8173,0.8172343056281319
8174,0.8174,0.8173344574289261
8175,0.8175,0.817434608733697
8176,0.8176,0.8175347595437581
8177,0.8177000000000001,0.8176349098604182
8178,0.8178000000000001,0.8177350596849857
8179,0.8179000000000001,0.8178352090187654
8180,0.8180000000000001,0.817935357863057
8181,0.8181,0.8180355062191597
8182,0.8182,0.8181356540883715
8183,0.8183,0.8182358014719835
8184,0.8184,0.8183359483712886
8185,0.8185,0.8184360947875736
8186,0.8186,0.8185362407221243
8187,0.8187000000000001,0.8186363861762228
8188,0.8188000000000001,0.8187365311511489
8189,0.8189000000000001,0.8188366756481812
8190,0.8190000000000001,0.8189368196685937
8191,0.8191,0.8190369632136575
8192,0.8192,0.8191371062846423
8193,0.8193,0.819237248882815
8194,0.8194,0.8193373910094388
8195,0.8195,0.8194375326657766
8196,0.8196,0.8195376738530852
8197,0.8197,0.8196378145726201
8198,0.8198000000000001,0.8197379548256367
8199,0.8199000000000001,0.8198380946133834
8200,0.8200000000000001,0.8199382339371094
8201,0.8201,0.8200383727980605
8202,0.8202,0.8201385111974777
8203,0.8203,0.8202386491366024
8204,0.8204,0.8203387866166714
8205,0.8205,0.8204389236389197
8206,0.8206,0.8205390602045796
8207,0.8207,0.8206391963148811
8208,0.8208000000000001,0.8207393319710508
8209,0.8209000000000001,0.8208394671743117
8210,0.8210000000000001,0.8209396019258878
8211,0.8211,0.8210397362269963
8212,0.8212,0.8211398700788558
8213,0.8213,0.8212400034826786
8214,0.8214,0.8213401364396766
8215,0.8215,0.8214402689510584
8216,0.8216,0.8215404010180302
8217,0.8217,0.821640532641796
8218,0.8218000000000001,0.821740663823557
8219,0.8219000000000001,0.8218407945645114
8220,0.8220000000000001,0.8219409248658551
8221,0.8221,0.8220410547287822
8222,0.8222,0.8221411841544818
8223,0.8223,0.8222413131441447
8224,0.8224,0.8223414416989537
8225,0.8225,0.8224415698200943
8226,0.8226,0.8225416975087463
8227,0.8227,0.8226418247660883
8228,0.8228000000000001,0.8227419515932958
8229,0.8229000000000001,0.8228420779915401
8230,0.8230000000000001,0.8229422039619947
8231,0.8231,0.8230423295058249
8232,0.8232,0.8231424546241984
8233,0.8233,0.8232425793182769
8234,0.8234,0.8233427035892217
8235,0.8235,0.8234428274381901
8236,0.8236,0.8235429508663371
8237,0.8237,0.8236430738748173
8238,0.8238000000000001,0.823743196464781
8239,0.8239000000000001,0.8238433186373745
8240,0.8240000000000001,0.8239434403937448
8241,0.8241,0.8240435617350347
8242,0.8242,0.8241436826623844
8243,0.8243,0.8242438031769322
8244,0.8244,0.8243439232798142
8245,0.8245,0.8244440429721628
8246,0.8246,0.8245441622551096
8247,0.8247,0.824644281129783
8248,0.8248000000000001,0.8247443995973077
8249,0.8249000000000001,0.8248445176588072
8250,0.8250000000000001,0.824944635315404
8251,0.8251000000000001,0.825044752568215
8252,0.8252,0.8251448694183563
8253,0.8253,0.8252449858669423
8254,0.8254,0.8253451019150843
8255,0.8255,0.8254452175638893
8256,0.8256,0.8255453328144661
8257,0.8257,0.825645447667918
8258,0.8258000000000001,0.8257455621253452
8259,0.8259000000000001,0.8258456761878487
8260,0.8260000000000001,0.8259457898565227
8261,0.8261000000000001,0.8260459031324647
8262,0.8262,0.826146016016764
8263,0.8263,0.8262461285105107
8264,0.8264,0.8263462406147936
8265,0.8265,0.8264463523306947
8266,0.8266,0.8265464636592987
8267,0.8267,0.8266465746016851
8268,0.8268000000000001,0.8267466851589304
8269,0.8269000000000001,0.826846795332111
8270,0.8270000000000001,0.826946905122299
8271,0.8271000000000001,0.8270470145305661
8272,0.8272,0.8271471235579787
8273,0.8273,0.827247232205604
8274,0.8274,0.8273473404745056
8275,0.8275,0.8274474483657438
8276,0.8276,0.8275475558803767
8277,0.8277,0.827647663019462
8278,0.8278000000000001,0.8277477697840546
8279,0.8279000000000001,0.8278478761752043
8280,0.8280000000000001,0.8279479821939614
8281,0.8281000000000001,0.8280480878413717
8282,0.8282,0.8281481931184823
8283,0.8283,0.8282482980263354
8284,0.8284,0.8283484025659692
8285,0.8285,0.8284485067384232
8286,0.8286,0.8285486105447318
8287,0.8287,0.8286487139859302
8288,0.8288000000000001,0.8287488170630469
8289,0.8289000000000001,0.8288489197771123
8290,0.8290000000000001,0.8289490221291512
8291,0.8291000000000001,0.8290491241201896
8292,0.8292,0.8291492257512484
8293,0.8293,0.8292493270233456
8294,0.8294,0.8293494279375011
8295,0.8295,0.8294495284947286
8296,0.8296,0.8295496286960403
8297,0.8297,0.8296497285424478
8298,0.8298000000000001,0.8297498280349581
8299,0.8299000000000001,0.829849927174578
8300,0.8300000000000001,0.8299500259623096
8301,0.8301000000000001,0.830050124399156
8302,0.8302,0.8301502224861163
8303,0.8303,0.8302503202241873
8304,0.8304,0.8303504176143622
8305,0.8305,0.8304505146576355
8306,0.8306,0.8305506113549963
8307,0.8307,0.8306507077074324
8308,0.8308000000000001,0.8307508037159305
8309,0.8309000000000001,0.8308508993814739
8310,0.8310000000000001,0.8309509947050427
8311,0.8311000000000001,0.8310510896876172
8312,0.8312,0.8311511843301741
8313,0.8313,0.8312512786336889
8314,0.8314,0.8313513725991318
8315,0.8315,0.8314514662274752
8316,0.8316,0.8315515595196868
8317,0.8317,0.8316516524767322
8318,0.8318000000000001,0.831751745099576
8319,0.8319000000000001,0.831851837389178
8320,0.8320000000000001,0.8319519293464981
8321,0.8321000000000001,0.8320520209724946
8322,0.8322,0.8321521122681215
8323,0.8323,0.8322522032343321
8324,0.8324,0.8323522938720773
8325,0.8325,0.8324523841823049
8326,0.8326,0.8325524741659611
8327,0.8327,0.8326525638239909
8328,0.8328,0.8327526531573366
8329,0.8329000000000001,0.832852742166937
8330,0.8330000000000001,0.8329528308537308
8331,0.8331000000000001,0.8330529192186531
8332,0.8332,0.8331530072626375
8333,0.8333,0.8332530949866146
8334,0.8334,0.8333531823915158
8335,0.8335,0.8334532694782659
8336,0.8336,0.8335533562477908
8337,0.8337,0.833653442701013
8338,0.8338,0.8337535288388547
8339,0.8339000000000001,0.8338536146622327
8340,0.8340000000000001,0.833953700172064
8341,0.8341000000000001,0.8340537853692634
8342,0.8342,0.8341538702547425
8343,0.8343,0.8342539548294121
8344,0.8344,0.8343540390941807
8345,0.8345,0.8344541230499534
8346,0.8346,0.8345542066976357
8347,0.8347,0.834654290038127
8348,0.8348,0.8347543730723287
8349,0.8349000000000001,0.8348544558011392
8350,0.8350000000000001,0.8349545382254521
8351,0.8351000000000001,0.8350546203461617
8352,0.8352,0.8351547021641602
8353,0.8353,0.8352547836803367
8354,0.8354,0.8353548648955784
8355,0.8355,0.8354549458107697
8356,0.8356,0.8355550264267955
8357,0.8357,0.8356551067445365
8358,0.8358,0.8357551867648718
8359,0.8359000000000001,0.8358552664886788
8360,0.8360000000000001,0.835955345916831
8361,0.8361000000000001,0.8360554250502035
8362,0.8362,0.8361555038896662
8363,0.8363,0.8362555824360874
8364,0.8364,0.8363556606903356
8365,0.8365,0.8364557386532752
8366,0.8366,0.8365558163257689
8367,0.8367,0.8366558937086782
8368,0.8368,0.8367559708028617
8369,0.8369000000000001,0.8368560476091752
8370,0.8370000000000001,0.8369561241284746
8371,0.8371000000000001,0.8370562003616132
8372,0.8372,0.8371562763094414
8373,0.8373,0.8372563519728079
8374,0.8374,0.8373564273525592
8375,0.8375,0.837456502449541
8376,0.8376,0.8375565772645959
8377,0.8377,0.8376566517985657
8378,0.8378,0.837756726052288
8379,0.8379000000000001,0.8378568000266005
8380,0.8380000000000001,0.8379568737223384
8381,0.8381000000000001,0.8380569471403342
8382,0.8382000000000001,0.8381570202814196
8383,0.8383,0.8382570931464228
8384,0.8384,0.8383571657361724
8385,0.8385,0.8384572380514927
8386,0.8386,0.8385573100932066
8387,0.8387,0.8386573818621367
8388,0.8388,0.8387574533591011
8389,0.8389000000000001,0.838857524584918
8390,0.8390000000000001,0.8389575955404027
8391,0.8391000000000001,0.8390576662263685
8392,0.8392000000000001,0.8391577366436279
8393,0.8393,0.8392578067929898
8394,0.8394,0.8393578766752621
8395,0.8395,0.8394579462912518
8396,0.8396,0.8395580156417607
8397,0.8397,0.8396580847275927
8398,0.8398,0.8397581535495476
8399,0.8399000000000001,0.8398582221084235
8400,0.8400000000000001,0.8399582904050159
8401,0.8401000000000001,0.8400583584401203
8402,0.8402000000000001,0.840158426214529
8403,0.8403,0.840258493729032
8404,0.8404,0.8403585609844185
8405,0.8405,0.840458627981476
8406,0.8406,0.8405586947209888
8407,0.8407,0.8406587612037403
8408,0.8408,0.8407588274305114
8409,0.8409000000000001,0.8408588934020812
8410,0.8410000000000001,0.8409589591192285
8411,0.8411000000000001,0.841059024582727
8412,0.8412000000000001,0.8411590897933522
8413,0.8413,0.8412591547518753
8414,0.8414,0.8413592194590659
8415,0.8415,0.8414592839156924
8416,0.8416,0.8415593481225213
8417,0.8417,0.8416594120803175
8418,0.8418,0.8417594757898429
8419,0.8419000000000001,0.8418595392518594
8420,0.8420000000000001,0.841959602467124
8421,0.8421000000000001,0.8420596654363961
8422,0.8422000000000001,0.8421597281604295
8423,0.8423,0.8422597906399779
8424,0.8424,0.842359852875793
8425,0.8425,0.8424599148686249
8426,0.8426,0.8425599766192216
8427,0.8427,0.8426600381283297
8428,0.8428,0.8427600993966919
8429,0.8429000000000001,0.8428601604250526
8430,0.8430000000000001,0.8429602212141517
8431,0.8431000000000001,0.843060281764729
8432,0.8432000000000001,0.8431603420775198
8433,0.8433,0.8432604021532619
8434,0.8434,0.843360461992686
8435,0.8435,0.843460521596527
8436,0.8436,0.8435605809655125
8437,0.8437,0.8436606401003719
8438,0.8438,0.8437606990018319
8439,0.8439000000000001,0.8438607576706157
8440,0.8440000000000001,0.8439608161074478
8441,0.8441000000000001,0.8440608743130481
8442,0.8442000000000001,0.8441609322881372
8443,0.8443,0.8442609900334314
8444,0.8444,0.8443610475496472
8445,0.8445,0.8444611048374983
8446,0.8446,0.8445611618976973
8447,0.8447,0.844661218730955
8448,0.8448,0.8447612753379798
8449,0.8449000000000001,0.8448613317194794
8450,0.8450000000000001,0.8449613878761578
8451,0.8451000000000001,0.8450614438087193
8452,0.8452000000000001,0.8451614995178661
8453,0.8453,0.8452615550042982
8454,0.8454,0.8453616102687145
8455,0.8455,0.8454616653118098
8456,0.8456,0.8455617201342809
8457,0.8457,0.8456617747368201
8458,0.8458,0.8457618291201202
8459,0.8459,0.8458618832848683
8460,0.8460000000000001,0.845961937231755
8461,0.8461000000000001,0.846061990961466
8462,0.8462000000000001,0.8461620444746855
8463,0.8463,0.8462620977720972
8464,0.8464,0.8463621508543812
8465,0.8465,0.8464622037222178
8466,0.8466,0.8465622563762848
8467,0.8467,0.8466623088172595
8468,0.8468,0.8467623610458141
8469,0.8469,0.8468624130626228
8470,0.8470000000000001,0.8469624648683567
8471,0.8471000000000001,0.8470625164636856
8472,0.8472000000000001,0.8471625678492761
8473,0.8473,0.8472626190257952
8474,0.8474,0.8473626699939072
8475,0.8475,0.8474627207542744
8476,0.8476,0.8475627713075592
8477,0.8477,0.8476628216544204
8478,0.8478,0.8477628717955141
8479,0.8479,0.8478629217314992
8480,0.8480000000000001,0.8479629714630296
8481,0.8481000000000001,0.8480630209907564
8482,0.8482000000000001,0.848163070315332
8483,0.8483,0.8482631194374067
8484,0.8484,0.8483631683576269
8485,0.8485,0.8484632170766403
8486,0.8486,0.8485632655950899
8487,0.8487,0.8486633139136209
8488,0.8488,0.8487633620328725
8489,0.8489,0.8488634099534864
8490,0.8490000000000001,0.8489634576761004
8491,0.8491000000000001,0.8490635052013501
8492,0.8492000000000001,0.8491635525298705
8493,0.8493,0.8492635996622955
8494,0.8494,0.8493636465992567
8495,0.8495,0.8494636933413839
8496,0.8496,0.8495637398893066
8497,0.8497,0.8496637862436508
8498,0.8498,0.849763832405042
8499,0.8499,0.8498638783741048
8500,0.8500000000000001,0.8499639241514592
8501,0.8501000000000001,0.8500639697377281
8502,0.8502000000000001,0.8501640151335289
8503,0.8503000000000001,0.8502640603394801
8504,0.8504,0.8503641053561963
8505,0.8505,0.8504641501842924
8506,0.8506,0.8505641948243814
8507,0.8507,0.8506642392770739
8508,0.8508,0.8507642835429801
8509,0.8509,0.8508643276227064
8510,0.8510000000000001,0.8509643715168613
8511,0.8511000000000001,0.8510644152260479
8512,0.8512000000000001,0.8511644587508704
8513,0.8513000000000001,0.8512645020919297
8514,0.8514,0.8513645452498274
8515,0.8515,0.8514645882251612
8516,0.8516,0.8515646310185283
8517,0.8517,0.8516646736305243
8518,0.8518,0.8517647160617425
8519,0.8519,0.8518647583127773
8520,0.8520000000000001,0.851964800384218
8521,0.8521000000000001,0.852064842276654
8522,0.8522000000000001,0.8521648839906747
8523,0.8523000000000001,0.8522649255268642
8524,0.8524,0.8523649668858091
8525,0.8525,0.8524650080680933
8526,0.8526,0.8525650490742962
8527,0.8527,0.8526650899050002
8528,0.8528,0.8527651305607832
8529,0.8529,0.8528651710422233
8530,0.8530000000000001,0.852965211349895
8531,0.8531000000000001,0.853065251484374
8532,0.8532000000000001,0.8531652914462322
8533,0.8533000000000001,0.8532653312360413
8534,0.8534,0.8533653708543707
8535,0.8535,0.8534654103017895
8536,0.8536,0.8535654495788627
8537,0.8537,0.853665488686158
8538,0.8538,0.8537655276242383
8539,0.8539,0.8538655663936657
8540,0.8540000000000001,0.8539656049950017
8541,0.8541000000000001,0.8540656434288059
8542,0.8542000000000001,0.8541656816956352
8543,0.8543000000000001,0.8542657197960469
8544,0.8544,0.8543657577305961
8545,0.8545,0.8544657954998368
8546,0.8546,0.8545658331043198
8547,0.8547,0.8546658705445963
8548,0.8548,0.8547659078212163
8549,0.8549,0.8548659449347272
8550,0.8550000000000001,0.8549659818856752
8551,0.8551000000000001,0.8550660186746051
8552,0.8552000000000001,0.855166055302061
8553,0.8553000000000001,0.8552660917685841
8554,0.8554,0.855366128074715
8555,0.8555,0.8554661642209928
8556,0.8556,0.855566200207956
8557,0.8557,0.8556662360361407
8558,0.8558,0.8557662717060812
8559,0.8559,0.8558663072183118
8560,0.8560000000000001,0.8559663425733641
8561,0.8561000000000001,0.8560663777717676
8562,0.8562000000000001,0.8561664128140529
8563,0.8563000000000001,0.8562664477007477
8564,0.8564,0.8563664824323786
8565,0.8565,0.8564665170094695
8566,0.8566,0.8565665514325443
8567,0.8567,0.856666585702125
8568,0.8568,0.8567666198187336
8569,0.8569,0.8568666537828878
8570,0.8570000000000001,0.8569666875951076
8571,0.8571000000000001,0.8570667212559083
8572,0.8572000000000001,0.8571667547658045
8573,0.8573000000000001,0.8572667881253118
8574,0.8574,0.8573668213349409
8575,0.8575,0.8574668543952036
8576,0.8576,0.8575668873066098
8577,0.8577,0.8576669200696684
8578,0.8578,0.8577669526848846
8579,0.8579,0.8578669851527653
8580,0.8580000000000001,0.8579670174738149
8581,0.8581000000000001,0.8580670496485359
8582,0.8582000000000001,0.858167081677429
8583,0.8583000000000001,0.8582671135609956
8584,0.8584,0.8583671452997336
8585,0.8585,0.8584671768941405
8586,0.8586,0.8585672083447139
8587,0.8587,0.8586672396519471
8588,0.8588,0.8587672708163326
8589,0.8589,0.8588673018383651
8590,0.859,0.8589673327185331
8591,0.8591000000000001,0.8590673634573271
8592,0.8592000000000001,0.8591673940552348
8593,0.8593000000000001,0.8592674245127421
8594,0.8594,0.8593674548303367
8595,0.8595,0.8594674850085007
8596,0.8596,0.859567515047717
8597,0.8597,0.8596675449484682
8598,0.8598,0.8597675747112332
8599,0.8599,0.8598676043364909
8600,0.86,0.8599676338247204
8601,0.8601000000000001,0.8600676631763953
8602,0.8602000000000001,0.860167692391993
8603,0.8603000000000001,0.8602677214719854
8604,0.8604,0.8603677504168457
8605,0.8605,0.8604677792270444
8606,0.8606,0.8605678079030517
8607,0.8607,0.8606678364453348
8608,0.8608,0.8607678648543625
8609,0.8609,0.8608678931305992
8610,0.861,0.8609679212745104
8611,0.8611000000000001,0.8610679492865576
8612,0.8612000000000001,0.861167977167206
8613,0.8613000000000001,0.8612680049169135
8614,0.8614,0.8613680325361396
8615,0.8615,0.861468060025344
8616,0.8616,0.8615680873849824
8617,0.8617,0.861668114615512
8618,0.8618,0.8617681417173849
8619,0.8619,0.8618681686910558
8620,0.862,0.861968195536975
8621,0.8621000000000001,0.8620682222555951
8622,0.8622000000000001,0.8621682488473635
8623,0.8623000000000001,0.8622682753127301
8624,0.8624,0.8623683016521401
8625,0.8625,0.8624683278660397
8626,0.8626,0.8625683539548724
8627,0.8627,0.8626683799190836
8628,0.8628,0.862768405759112
8629,0.8629,0.8628684314754008
8630,0.863,0.8629684570683881
8631,0.8631000000000001,0.8630684825385122
8632,0.8632000000000001,0.8631685078862108
8633,0.8633000000000001,0.8632685331119175
8634,0.8634000000000001,0.8633685582160693
8635,0.8635,0.8634685831990978
8636,0.8636,0.8635686080614351
8637,0.8637,0.8636686328035135
8638,0.8638,0.8637686574257606
8639,0.8639,0.863868681928605
8640,0.864,0.8639687063124757
8641,0.8641000000000001,0.8640687305777968
8642,0.8642000000000001,0.8641687547249934
8643,0.8643000000000001,0.86426877875449
8644,0.8644000000000001,0.8643688026667086
8645,0.8645,0.8644688264620686
8646,0.8646,0.8645688501409927
8647,0.8647,0.8646688737038976
8648,0.8648,0.8647688971512022
8649,0.8649,0.8648689204833219
8650,0.865,0.8649689437006728
8651,0.8651000000000001,0.8650689668036678
8652,0.8652000000000001,0.8651689897927214
8653,0.8653000000000001,0.8652690126682435
8654,0.8654000000000001,0.8653690354306454
8655,0.8655,0.8654690580803364
8656,0.8656,0.8655690806177249
8657,0.8657,0.8656691030432178
8658,0.8658,0.8657691253572206
8659,0.8659,0.865869147560138
8660,0.866,0.8659691696523737
8661,0.8661000000000001,0.8660691916343298
8662,0.8662000000000001,0.8661692135064081
8663,0.8663000000000001,0.8662692352690081
8664,0.8664000000000001,0.8663692569225283
8665,0.8665,0.8664692784673673
8666,0.8666,0.8665692999039213
8667,0.8667,0.8666693212325848
8668,0.8668,0.8667693424537546
8669,0.8669,0.8668693635678207
8670,0.867,0.8669693845751779
8671,0.8671000000000001,0.8670694054762161
8672,0.8672000000000001,0.8671694262713239
8673,0.8673000000000001,0.8672694469608915
8674,0.8674000000000001,0.8673694675453066
8675,0.8675,0.867469488024954
8676,0.8676,0.8675695084002198
8677,0.8677,0.8676695286714879
8678,0.8678,0.867769548839142
8679,0.8679,0.8678695689035635
8680,0.868,0.8679695888651336
8681,0.8681000000000001,0.868069608724232
8682,0.8682000000000001,0.8681696284812371
8683,0.8683000000000001,0.868269648136526
8684,0.8684000000000001,0.8683696676904745
8685,0.8685,0.8684696871434601
8686,0.8686,0.8685697064958549
8687,0.8687,0.8686697257480324
8688,0.8688,0.8687697449003654
8689,0.8689,0.8688697639532249
8690,0.869,0.8689697829069798
8691,0.8691000000000001,0.8690698017619992
8692,0.8692000000000001,0.8691698205186505
8693,0.8693000000000001,0.8692698391773003
8694,0.8694000000000001,0.8693698577383152
8695,0.8695,0.869469876202058
8696,0.8696,0.8695698945688928
8697,0.8697,0.8696699128391817
8698,0.8698,0.869769931013286
8699,0.8699,0.8698699490915652
8700,0.87,0.86996996707438
8701,0.8701000000000001,0.8700699849620873
8702,0.8702000000000001,0.8701700027550437
8703,0.8703000000000001,0.8702700204536056
8704,0.8704000000000001,0.8703700380581273
8705,0.8705,0.8704700555689637
8706,0.8706,0.8705700729864662
8707,0.8707,0.8706700903109879
8708,0.8708,0.8707701075428778
8709,0.8709,0.8708701246824859
8710,0.871,0.8709701417301617
8711,0.8711000000000001,0.8710701586862515
8712,0.8712000000000001,0.8711701755511033
8713,0.8713000000000001,0.8712701923250602
8714,0.8714000000000001,0.8713702090084685
8715,0.8715,0.8714702256016719
8716,0.8716,0.8715702421050109
8717,0.8717,0.8716702585188277
8718,0.8718,0.871770274843462
8719,0.8719,0.8718702910792554
8720,0.872,0.8719703072265431
8721,0.8721,0.872070323285663
8722,0.8722000000000001,0.8721703392569526
8723,0.8723000000000001,0.8722703551407465
8724,0.8724000000000001,0.8723703709373789
8725,0.8725,0.8724703866471823
8726,0.8726,0.8725704022704894
8727,0.8727,0.8726704178076317
8728,0.8728,0.872770433258938
8729,0.8729,0.8728704486247394
8730,0.873,0.8729704639053628
8731,0.8731,0.8730704791011357
8732,0.8732000000000001,0.8731704942123841
8733,0.8733000000000001,0.8732705092394337
8734,0.8734000000000001,0.8733705241826071
8735,0.8735,0.8734705390422303
8736,0.8736,0.8735705538186226
8737,0.8737,0.8736705685121067
8738,0.8738,0.8737705831230024
8739,0.8739,0.8738705976516303
8740,0.874,0.8739706120983066
8741,0.8741,0.8740706264633502
8742,0.8742000000000001,0.8741706407470775
8743,0.8743000000000001,0.8742706549498024
8744,0.8744000000000001,0.8743706690718408
8745,0.8745,0.8744706831135052
8746,0.8746,0.8745706970751083
8747,0.8747,0.8746707109569617
8748,0.8748,0.874770724759377
8749,0.8749,0.8748707384826618
8750,0.875,0.8749707521271267
8751,0.8751,0.8750707656930778
8752,0.8752000000000001,0.8751707791808242
8753,0.8753000000000001,0.8752707925906684
8754,0.8754000000000001,0.8753708059229185
8755,0.8755000000000001,0.8754708191778761
8756,0.8756,0.8755708323558451
8757,0.8757,0.875670845457127
8758,0.8758,0.8757708584820239
8759,0.8759,0.8758708714308352
8760,0.876,0.875970884303861
8761,0.8761,0.8760708971013988
8762,0.8762000000000001,0.8761709098237466
8763,0.8763000000000001,0.8762709224711996
8764,0.8764000000000001,0.8763709350440544
8765,0.8765000000000001,0.8764709475426057
8766,0.8766,0.876570959967146
8767,0.8767,0.8766709723179702
8768,0.8768,0.8767709845953685
8769,0.8769,0.8768709967996317
8770,0.877,0.876971008931051
8771,0.8771,0.8770710209899149
8772,0.8772000000000001,0.8771710329765106
8773,0.8773000000000001,0.8772710448911277
8774,0.8774000000000001,0.877371056734051
8775,0.8775000000000001,0.877471068505566
8776,0.8776,0.8775710802059578
8777,0.8777,0.8776710918355092
8778,0.8778,0.8777711033945046
8779,0.8779,0.8778711148832249
8780,0.878,0.8779711263019514
8781,0.8781,0.8780711376509639
8782,0.8782000000000001,0.8781711489305428
8783,0.8783000000000001,0.8782711601409645
8784,0.8784000000000001,0.878371171282508
8785,0.8785000000000001,0.8784711823554491
8786,0.8786,0.8785711933600637
8787,0.8787,0.8786712042966272
8788,0.8788,0.8787712151654136
8789,0.8789,0.8788712259666951
8790,0.879,0.8789712367007453
8791,0.8791,0.8790712473678336
8792,0.8792000000000001,0.8791712579682317
8793,0.8793000000000001,0.8792712685022092
8794,0.8794000000000001,0.8793712789700349
8795,0.8795000000000001,0.8794712893719769
8796,0.8796,0.8795712997083024
8797,0.8797,0.8796713099792762
8798,0.8798,0.8797713201851646
8799,0.8799,0.8798713303262331
8800,0.88,0.8799713404027428
8801,0.8801,0.8800713504149589
8802,0.8802000000000001,0.8801713603631425
8803,0.8803000000000001,0.8802713702475545
8804,0.8804000000000001,0.8803713800684558
8805,0.8805000000000001,0.8804713898261054
8806,0.8806,0.8805713995207611
8807,0.8807,0.8806714091526813
8808,0.8808,0.8807714187221231
8809,0.8809,0.8808714282293428
8810,0.881,0.8809714376745951
8811,0.8811,0.8810714470581352
8812,0.8812000000000001,0.881171456380215
8813,0.8813000000000001,0.881271465641089
8814,0.8814000000000001,0.8813714748410092
8815,0.8815000000000001,0.8814714839802253
8816,0.8816,0.8815714930589876
8817,0.8817,0.881671502077547
8818,0.8818,0.8817715110361517
8819,0.8819,0.88187151993505
8820,0.882,0.8819715287744875
8821,0.8821,0.8820715375547113
8822,0.8822000000000001,0.8821715462759672
8823,0.8823000000000001,0.8822715549384987
8824,0.8824000000000001,0.8823715635425506
8825,0.8825000000000001,0.8824715720883659
8826,0.8826,0.8825715805761861
8827,0.8827,0.8826715890062539
8828,0.8828,0.8827715973788086
8829,0.8829,0.8828716056940911
8830,0.883,0.8829716139523391
8831,0.8831,0.8830716221537923
8832,0.8832000000000001,0.8831716302986883
8833,0.8833000000000001,0.8832716383872621
8834,0.8834000000000001,0.8833716464197506
8835,0.8835000000000001,0.8834716543963886
8836,0.8836,0.8835716623174119
8837,0.8837,0.8836716701830523
8838,0.8838,0.8837716779935426
8839,0.8839,0.8838716857491161
8840,0.884,0.8839716934500027
8841,0.8841,0.884071701096434
8842,0.8842000000000001,0.8841717086886389
8843,0.8843000000000001,0.884271716226847
8844,0.8844000000000001,0.8843717237112854
8845,0.8845000000000001,0.8844717311421831
8846,0.8846,0.8845717385197653
8847,0.8847,0.8846717458442585
8848,0.8848,0.8847717531158874
8849,0.8849,0.8848717603348775
8850,0.885,0.8849717675014506
8851,0.8851,0.8850717746158316
8852,0.8852000000000001,0.8851717816782412
8853,0.8853000000000001,0.8852717886889007
8854,0.8854000000000001,0.8853717956480318
8855,0.8855000000000001,0.8854718025558528
8856,0.8856,0.8855718094125852
8857,0.8857,0.8856718162184453
8858,0.8858,0.8857718229736506
8859,0.8859,0.8858718296784199
8860,0.886,0.885971836332968
8861,0.8861,0.8860718429375104
8862,0.8862,0.8861718494922624
8863,0.8863000000000001,0.8862718559974386
8864,0.8864000000000001,0.88637186245325
8865,0.8865000000000001,0.8864718688599107
8866,0.8866,0.886571875217632
8867,0.8867,0.8866718815266258
8868,0.8868,0.8867718877871019
8869,0.8869,0.8868718939992695
8870,0.887,0.8869719001633387
8871,0.8871,0.8870719062795164
8872,0.8872,0.887171912348011
8873,0.8873000000000001,0.8872719183690282
8874,0.8874000000000001,0.8873719243427756
8875,0.8875000000000001,0.8874719302694574
8876,0.8876000000000001,0.8875719361492789
8877,0.8877,0.8876719419824434
8878,0.8878,0.8877719477691549
8879,0.8879,0.8878719535096152
8880,0.888,0.8879719592040269
8881,0.8881,0.8880719648525907
8882,0.8882,0.8881719704555071
8883,0.8883000000000001,0.8882719760129766
8884,0.8884000000000001,0.8883719815251965
8885,0.8885000000000001,0.888471986992367
8886,0.8886000000000001,0.8885719924146849
8887,0.8887,0.8886719977923477
8888,0.8888,0.8887720031255503
8889,0.8889,0.888872008414491
8890,0.889,0.888972013659362
8891,0.8891,0.889072018860359
8892,0.8892,0.8891720240176759
8893,0.8893000000000001,0.8892720291315047
8894,0.8894000000000001,0.8893720342020374
8895,0.8895000000000001,0.8894720392294673
8896,0.8896000000000001,0.8895720442139833
8897,0.8897,0.8896720491557768
8898,0.8898,0.889772054055037
8899,0.8899,0.8898720589119524
8900,0.89,0.8899720637267124
8901,0.8901,0.8900720684995045
8902,0.8902,0.890172073230514
8903,0.8903000000000001,0.8902720779199277
8904,0.8904000000000001,0.8903720825679322
8905,0.8905000000000001,0.8904720871747122
8906,0.8906000000000001,0.8905720917404515
8907,0.8907,0.890672096265333
8908,0.8908,0.8907721007495414
8909,0.8909,0.8908721051932579
8910,0.891,0.8909721095966643
8911,0.8911,0.8910721139599418
8912,0.8912,0.8911721182832715
8913,0.8913000000000001,0.8912721225668316
8914,0.8914000000000001,0.8913721268108021
8915,0.8915000000000001,0.8914721310153616
8916,0.8916000000000001,0.8915721351806872
8917,0.8917,0.8916721393069564
8918,0.8918,0.8917721433943469
8919,0.8919,0.8918721474430327
8920,0.892,0.8919721514531908
8921,0.8921,0.8920721554249957
8922,0.8922,0.8921721593586197
8923,0.8923000000000001,0.8922721632542383
8924,0.8924000000000001,0.8923721671120227
8925,0.8925000000000001,0.8924721709321458
8926,0.8926000000000001,0.8925721747147793
8927,0.8927,0.8926721784600937
8928,0.8928,0.8927721821682594
8929,0.8929,0.8928721858394469
8930,0.893,0.892972189473824
8931,0.8931,0.8930721930715609
8932,0.8932,0.8931721966328229
8933,0.8933000000000001,0.8932722001577792
8934,0.8934000000000001,0.893372203646597
8935,0.8935000000000001,0.8934722070994395
8936,0.8936000000000001,0.8935722105164754
8937,0.8937,0.8936722138978671
8938,0.8938,0.89377221724378
8939,0.8939,0.8938722205543775
8940,0.894,0.8939722238298223
8941,0.8941,0.8940722270702772
8942,0.8942,0.8941722302759036
8943,0.8943000000000001,0.8942722334468635
8944,0.8944000000000001,0.8943722365833174
8945,0.8945000000000001,0.8944722396854254
8946,0.8946000000000001,0.8945722427533461
8947,0.8947,0.8946722457872384
8948,0.8948,0.8947722487872626
8949,0.8949,0.8948722517535733
8950,0.895,0.8949722546863309
8951,0.8951,0.8950722575856892
8952,0.8952,0.8951722604518058
8953,0.8953000000000001,0.8952722632848353
8954,0.8954000000000001,0.8953722660849333
8955,0.8955000000000001,0.8954722688522538
8956,0.8956000000000001,0.8955722715869494
8957,0.8957,0.8956722742891743
8958,0.8958,0.895772276959081
8959,0.8959,0.8958722795968218
8960,0.896,0.8959722822025464
8961,0.8961,0.8960722847764082
8962,0.8962,0.8961722873185547
8963,0.8963000000000001,0.8962722898291376
8964,0.8964000000000001,0.8963722923083057
8965,0.8965000000000001,0.8964722947562075
8966,0.8966000000000001,0.8965722971729907
8967,0.8967,0.8966722995588022
8968,0.8968,0.8967723019137898
8969,0.8969,0.8968723042381004
8970,0.897,0.8969723065318788
8971,0.8971,0.8970723087952701
8972,0.8972,0.8971723110284201
8973,0.8973000000000001,0.8972723132314719
8974,0.8974000000000001,0.8973723154045705
8975,0.8975000000000001,0.8974723175478572
8976,0.8976000000000001,0.8975723196614759
8977,0.8977,0.8976723217455678
8978,0.8978,0.8977723238002753
8979,0.8979,0.8978723258257383
8980,0.898,0.8979723278220985
8981,0.8981,0.8980723297894941
8982,0.8982,0.8981723317280651
8983,0.8983000000000001,0.8982723336379506
8984,0.8984000000000001,0.8983723355192884
8985,0.8985000000000001,0.8984723373722172
8986,0.8986000000000001,0.8985723391968726
8987,0.8987,0.8986723409933929
8988,0.8988,0.8987723427619139
8989,0.8989,0.8988723445025701
8990,0.899,0.8989723462154973
8991,0.8991,0.8990723479008309
8992,0.8992,0.899172349558704
8993,0.8993,0.89927235118925
8994,0.8994000000000001,0.899372352792603
8995,0.8995000000000001,0.8994723543688945
8996,0.8996000000000001,0.8995723559182565
8997,0.8997,0.8996723574408219
8998,0.8998,0.8997723589367198
8999,0.8999,0.8998723604060815
9000,0.9,0.899972361849038
9001,0.9001,0.9000723632657176
9002,0.9002,0.9001723646562494
9003,0.9003,0.9002723660207617
9004,0.9004000000000001,0.9003723673593838
9005,0.9005000000000001,0.9004723686722411
9006,0.9006000000000001,0.9005723699594615
9007,0.9007000000000001,0.9006723712211719
9008,0.9008,0.9007723724574987
9009,0.9009,0.9008723736685661
9010,0.901,0.9009723748544994
9011,0.9011,0.9010723760154239
9012,0.9012,0.9011723771514629
9013,0.9013,0.9012723782627399
9014,0.9014000000000001,0.9013723793493786
9015,0.9015000000000001,0.9014723804115009
9016,0.9016000000000001,0.9015723814492295
9017,0.9017000000000001,0.901672382462685
9018,0.9018,0.901772383451989
9019,0.9019,0.9018723844172627
9020,0.902,0.9019723853586251
9021,0.9021,0.9020723862761978
9022,0.9022,0.9021723871700972
9023,0.9023,0.9022723880404451
9024,0.9024000000000001,0.9023723888873575
9025,0.9025000000000001,0.9024723897109526
9026,0.9026000000000001,0.9025723905113485
9027,0.9027000000000001,0.9026723912886618
9028,0.9028,0.9027723920430079
9029,0.9029,0.9028723927745036
9030,0.903,0.9029723934832646
9031,0.9031,0.9030723941694055
9032,0.9032,0.9031723948330415
9033,0.9033,0.9032723954742851
9034,0.9034000000000001,0.9033723960932506
9035,0.9035000000000001,0.903472396690052
9036,0.9036000000000001,0.903572397264801
9037,0.9037000000000001,0.9036723978176101
9038,0.9038,0.903772398348592
9039,0.9039,0.903872398857856
9040,0.904,0.9039723993455152
9041,0.9041,0.9040723998116786
9042,0.9042,0.9041724002564556
9043,0.9043,0.9042724006799584
9044,0.9044000000000001,0.9043724010822931
9045,0.9045000000000001,0.904472401463571
9046,0.9046000000000001,0.9045724018238971
9047,0.9047000000000001,0.9046724021633822
9048,0.9048,0.9047724024821333
9049,0.9049,0.9048724027802548
9050,0.905,0.9049724030578559
9051,0.9051,0.9050724033150412
9052,0.9052,0.905172403551916
9053,0.9053,0.905272403768587
9054,0.9054000000000001,0.9053724039651573
9055,0.9055000000000001,0.9054724041417324
9056,0.9056000000000001,0.9055724042984148
9057,0.9057000000000001,0.9056724044353092
9058,0.9058,0.9057724045525171
9059,0.9059,0.9058724046501427
9060,0.906,0.9059724047282881
9061,0.9061,0.9060724047870535
9062,0.9062,0.906172404826542
9063,0.9063,0.9062724048468538
9064,0.9064000000000001,0.9063724048480886
9065,0.9065000000000001,0.9064724048303472
9066,0.9066000000000001,0.9065724047937282
9067,0.9067000000000001,0.9066724047383323
9068,0.9068,0.9067724046642576
9069,0.9069,0.9068724045716025
9070,0.907,0.9069724044604657
9071,0.9071,0.9070724043309433
9072,0.9072,0.9071724041831338
9073,0.9073,0.9072724040171323
9074,0.9074000000000001,0.9073724038330377
9075,0.9075000000000001,0.9074724036309437
9076,0.9076000000000001,0.907572403410946
9077,0.9077000000000001,0.9076724031731408
9078,0.9078,0.9077724029176231
9079,0.9079,0.9078724026444858
9080,0.908,0.9079724023538236
9081,0.9081,0.9080724020457295
9082,0.9082,0.908172401720297
9083,0.9083,0.9082724013776194
9084,0.9084000000000001,0.9083724010177893
9085,0.9085000000000001,0.9084724006408964
9086,0.9086000000000001,0.908572400247035
9087,0.9087000000000001,0.9086723998362941
9088,0.9088,0.9087723994087658
9089,0.9089,0.9088723989645401
9090,0.909,0.9089723985037073
9091,0.9091,0.9090723980263564
9092,0.9092,0.9091723975325765
9093,0.9093,0.9092723970224583
9094,0.9094000000000001,0.9093723964960886
9095,0.9095000000000001,0.9094723959535554
9096,0.9096000000000001,0.9095723953949463
9097,0.9097000000000001,0.9096723948203503
9098,0.9098,0.9097723942298515
9099,0.9099,0.9098723936235396
9100,0.91,0.9099723930014999
9101,0.9101,0.9100723923638163
9102,0.9102,0.9101723917105763
9103,0.9103,0.9102723910418641
9104,0.9104000000000001,0.9103723903577655
9105,0.9105000000000001,0.9104723896583634
9106,0.9106000000000001,0.9105723889437434
9107,0.9107000000000001,0.9106723882139875
9108,0.9108,0.9107723874691795
9109,0.9109,0.9108723867094027
9110,0.911,0.9109723859347397
9111,0.9111,0.9110723851452717
9112,0.9112,0.911172384341081
9113,0.9113,0.9112723835222494
9114,0.9114000000000001,0.9113723826888583
9115,0.9115000000000001,0.9114723818409872
9116,0.9116000000000001,0.9115723809787185
9117,0.9117000000000001,0.9116723801021296
9118,0.9118,0.9117723792113013
9119,0.9119,0.911872378306314
9120,0.912,0.9119723773872452
9121,0.9121,0.9120723764541747
9122,0.9122,0.9121723755071797
9123,0.9123,0.9122723745463381
9124,0.9124,0.9123723735717294
9125,0.9125000000000001,0.9124723725834283
9126,0.9126000000000001,0.9125723715815133
9127,0.9127000000000001,0.91267237056606
9128,0.9128000000000001,0.912772369537145
9129,0.9129,0.9128723684948442
9130,0.913,0.9129723674392329
9131,0.9131,0.9130723663703861
9132,0.9132,0.9131723652883805
9133,0.9133,0.9132723641932877
9134,0.9134,0.9133723630851842
9135,0.9135000000000001,0.913472361964142
9136,0.9136000000000001,0.913572360830237
9137,0.9137000000000001,0.9136723596835391
9138,0.9138000000000001,0.913772358524124
9139,0.9139,0.913872357352063
9140,0.914,0.9139723561674278
9141,0.9141,0.9140723549702924
9142,0.9142,0.9141723537607256
9143,0.9143,0.9142723525388
9144,0.9144,0.9143723513045865
9145,0.9145000000000001,0.9144723500581551
9146,0.9146000000000001,0.9145723487995772
9147,0.9147000000000001,0.9146723475289209
9148,0.9148000000000001,0.9147723462462581
9149,0.9149,0.9148723449516554
9150,0.915,0.9149723436451841
9151,0.9151,0.9150723423269116
9152,0.9152,0.9151723409969058
9153,0.9153,0.9152723396552371
9154,0.9154,0.9153723383019698
9155,0.9155000000000001,0.9154723369371742
9156,0.9156000000000001,0.9155723355609161
9157,0.9157000000000001,0.9156723341732611
9158,0.9158000000000001,0.9157723327742785
9159,0.9159,0.915872331364032
9160,0.916,0.9159723299425878
9161,0.9161,0.9160723285100125
9162,0.9162,0.9161723270663715
9163,0.9163,0.9162723256117273
9164,0.9164,0.9163723241461472
9165,0.9165000000000001,0.916472322669695
9166,0.9166000000000001,0.9165723211824338
9167,0.9167000000000001,0.9166723196844274
9168,0.9168000000000001,0.91677231817574
9169,0.9169,0.9168723166564345
9170,0.917,0.916972315126573
9171,0.9171,0.9170723135862183
9172,0.9172,0.9171723120354336
9173,0.9173,0.9172723104742799
9174,0.9174,0.9173723089028192
9175,0.9175000000000001,0.9174723073211127
9176,0.9176000000000001,0.9175723057292211
9177,0.9177000000000001,0.9176723041272059
9178,0.9178000000000001,0.9177723025151276
9179,0.9179,0.9178723008930458
9180,0.918,0.9179722992610203
9181,0.9181,0.9180722976191124
9182,0.9182,0.9181722959673788
9183,0.9183,0.9182722943058809
9184,0.9184,0.9183722926346766
9185,0.9185000000000001,0.9184722909538232
9186,0.9186000000000001,0.9185722892633817
9187,0.9187000000000001,0.9186722875634071
9188,0.9188000000000001,0.9187722858539585
9189,0.9189,0.9188722841350944
9190,0.919,0.9189722824068692
9191,0.9191,0.9190722806693419
9192,0.9192,0.9191722789225679
9193,0.9193,0.9192722771666049
9194,0.9194,0.9193722754015067
9195,0.9195000000000001,0.9194722736273316
9196,0.9196000000000001,0.9195722718441323
9197,0.9197000000000001,0.9196722700519666
9198,0.9198000000000001,0.9197722682508873
9199,0.9199,0.9198722664409519
9200,0.92,0.9199722646222108
9201,0.9201,0.920072262794721
9202,0.9202,0.9201722609585363
9203,0.9203,0.9202722591137088
9204,0.9204,0.920372257260294
9205,0.9205000000000001,0.920472255398343
9206,0.9206000000000001,0.9205722535279085
9207,0.9207000000000001,0.9206722516490452
9208,0.9208000000000001,0.9207722497618033
9209,0.9209,0.9208722478662357
9210,0.921,0.9209722459623938
9211,0.9211,0.9210722440503298
9212,0.9212,0.921172242130095
9213,0.9213,0.9212722402017393
9214,0.9214,0.921372238265314
9215,0.9215000000000001,0.9214722363208706
9216,0.9216000000000001,0.9215722343684581
9217,0.9217000000000001,0.9216722324081268
9218,0.9218000000000001,0.9217722304399267
9219,0.9219,0.9218722284639075
9220,0.922,0.9219722264801179
9221,0.9221,0.9220722244886073
9222,0.9222,0.9221722224894243
9223,0.9223,0.9222722204826176
9224,0.9224,0.9223722184682346
9225,0.9225000000000001,0.9224722164463249
9226,0.9226000000000001,0.9225722144169354
9227,0.9227000000000001,0.9226722123801144
9228,0.9228000000000001,0.922772210335908
9229,0.9229,0.9228722082843639
9230,0.923,0.9229722062255289
9231,0.9231,0.9230722041594492
9232,0.9232,0.9231722020861715
9233,0.9233,0.923272200005743
9234,0.9234,0.9233721979182075
9235,0.9235000000000001,0.9234721958236127
9236,0.9236000000000001,0.9235721937220027
9237,0.9237000000000001,0.9236721916134227
9238,0.9238000000000001,0.9237721894979182
9239,0.9239,0.9238721873755331
9240,0.924,0.9239721852463141
9241,0.9241,0.9240721831103019
9242,0.9242,0.9241721809675434
9243,0.9243,0.9242721788180814
9244,0.9244,0.9243721766619608
9245,0.9245000000000001,0.9244721744992219
9246,0.9246000000000001,0.9245721723299107
9247,0.9247000000000001,0.9246721701540693
9248,0.9248000000000001,0.92477216797174
9249,0.9249,0.9248721657829662
9250,0.925,0.9249721635877874
9251,0.9251,0.9250721613862489
9252,0.9252,0.9251721591783917
9253,0.9253,0.9252721569642568
9254,0.9254,0.9253721547438846
9255,0.9255,0.9254721525173185
9256,0.9256000000000001,0.9255721502845975
9257,0.9257000000000001,0.9256721480457644
9258,0.9258000000000001,0.9257721458008569
9259,0.9259000000000001,0.9258721435499176
9260,0.926,0.9259721412929857
9261,0.9261,0.9260721390301015
9262,0.9262,0.9261721367613043
9263,0.9263,0.9262721344866321
9264,0.9264,0.9263721322061279
9265,0.9265,0.9264721299198262
9266,0.9266000000000001,0.9265721276277699
9267,0.9267000000000001,0.9266721253299949
9268,0.9268000000000001,0.9267721230265404
9269,0.9269000000000001,0.926872120717445
9270,0.927,0.9269721184027457
9271,0.9271,0.9270721160824822
9272,0.9272,0.9271721137566891
9273,0.9273,0.9272721114254072
9274,0.9274,0.9273721090886708
9275,0.9275,0.927472106746519
9276,0.9276000000000001,0.9275721043989872
9277,0.9277000000000001,0.9276721020461126
9278,0.9278000000000001,0.9277720996879313
9279,0.9279000000000001,0.92787209732448
9280,0.928,0.9279720949557942
9281,0.9281,0.9280720925819104
9282,0.9282,0.9281720902028627
9283,0.9283,0.9282720878186881
9284,0.9284,0.9283720854294205
9285,0.9285,0.9284720830350963
9286,0.9286000000000001,0.9285720806357499
9287,0.9287000000000001,0.9286720782314154
9288,0.9288000000000001,0.9287720758221271
9289,0.9289000000000001,0.9288720734079201
9290,0.929,0.9289720709888281
9291,0.9291,0.9290720685648849
9292,0.9292,0.9291720661361239
9293,0.9293,0.9292720637025798
9294,0.9294,0.9293720612642843
9295,0.9295,0.9294720588212719
9296,0.9296000000000001,0.9295720563735749
9297,0.9297000000000001,0.9296720539212252
9298,0.9298000000000001,0.9297720514642578
9299,0.9299000000000001,0.9298720490027031
9300,0.93,0.9299720465365938
9301,0.9301,0.9300720440659621
9302,0.9302,0.9301720415908394
9303,0.9303,0.9302720391112588
9304,0.9304,0.9303720366272493
9305,0.9305,0.9304720341388457
9306,0.9306000000000001,0.9305720316460759
9307,0.9307000000000001,0.930672029148972
9308,0.9308000000000001,0.9307720266475654
9309,0.9309000000000001,0.9308720241418865
9310,0.931,0.9309720216319654
9311,0.9311,0.9310720191178333
9312,0.9312,0.9311720165995184
9313,0.9313,0.9312720140770522
9314,0.9314,0.9313720115504646
9315,0.9315,0.9314720090197839
9316,0.9316000000000001,0.9315720064850415
9317,0.9317000000000001,0.9316720039462645
9318,0.9318000000000001,0.9317720014034829
9319,0.9319000000000001,0.9318719988567266
9320,0.932,0.931971996306022
9321,0.9321,0.9320719937514007
9322,0.9322,0.9321719911928891
9323,0.9323,0.932271988630515
9324,0.9324,0.9323719860643088
9325,0.9325,0.9324719834942959
9326,0.9326000000000001,0.9325719809205064
9327,0.9327000000000001,0.9326719783429662
9328,0.9328000000000001,0.9327719757617038
9329,0.9329000000000001,0.9328719731767454
9330,0.933,0.9329719705881191
9331,0.9331,0.933071967995852
9332,0.9332,0.9331719653999695
9333,0.9333,0.9332719628004995
9334,0.9334,0.9333719601974687
9335,0.9335,0.9334719575909027
9336,0.9336000000000001,0.9335719549808282
9337,0.9337000000000001,0.933671952367271
9338,0.9338000000000001,0.9337719497502562
9339,0.9339000000000001,0.9338719471298114
9340,0.934,0.9339719445059603
9341,0.9341,0.9340719418787296
9342,0.9342,0.9341719392481439
9343,0.9343,0.9342719366142288
9344,0.9344,0.9343719339770094
9345,0.9345,0.9344719313365095
9346,0.9346000000000001,0.9345719286927547
9347,0.9347000000000001,0.9346719260457688
9348,0.9348000000000001,0.934771923395577
9349,0.9349000000000001,0.9348719207422027
9350,0.935,0.9349719180856708
9351,0.9351,0.9350719154260048
9352,0.9352,0.9351719127632293
9353,0.9353,0.9352719100973657
9354,0.9354,0.9353719074284401
9355,0.9355,0.9354719047564748
9356,0.9356000000000001,0.9355719020814928
9357,0.9357000000000001,0.9356718994035171
9358,0.9358000000000001,0.9357718967225718
9359,0.9359000000000001,0.9358718940386783
9360,0.936,0.9359718913518605
9361,0.9361,0.9360718886621396
9362,0.9362,0.9361718859695386
9363,0.9363,0.9362718832740797
9364,0.9364,0.9363718805757861
9365,0.9365,0.9364718778746776
9366,0.9366000000000001,0.9365718751707774
9367,0.9367000000000001,0.9366718724641081
9368,0.9368000000000001,0.936771869754689
9369,0.9369000000000001,0.9368718670425435
9370,0.937,0.9369718643276916
9371,0.9371,0.9370718616101547
9372,0.9372,0.9371718588899557
9373,0.9373,0.9372718561671125
9374,0.9374,0.9373718534416472
9375,0.9375,0.9374718507135824
9376,0.9376000000000001,0.9375718479829355
9377,0.9377000000000001,0.9376718452497277
9378,0.9378000000000001,0.9377718425139804
9379,0.9379000000000001,0.937871839775713
9380,0.9380000000000001,0.9379718370349451
9381,0.9381,0.9380718342916977
9382,0.9382,0.9381718315459898
9383,0.9383,0.9382718287978413
9384,0.9384,0.9383718260472714
9385,0.9385,0.9384718232943
9386,0.9386,0.9385718205389452
9387,0.9387000000000001,0.938671817781227
9388,0.9388000000000001,0.9387718150211656
9389,0.9389000000000001,0.9388718122587766
9390,0.9390000000000001,0.9389718094940824
9391,0.9391,0.9390718067270988
9392,0.9392,0.9391718039578458
9393,0.9393,0.9392718011863429
9394,0.9394,0.9393717984126051
9395,0.9395,0.9394717956366534
9396,0.9396,0.9395717928585053
9397,0.9397000000000001,0.939671790078178
9398,0.9398000000000001,0.9397717872956891
9399,0.9399000000000001,0.939871784511057
9400,0.9400000000000001,0.9399717817242994
9401,0.9401,0.9400717789354337
9402,0.9402,0.9401717761444774
9403,0.9403,0.9402717733514468
9404,0.9404,0.9403717705563596
9405,0.9405,0.940471767759234
9406,0.9406,0.9405717649600848
9407,0.9407000000000001,0.94067176215893
9408,0.9408000000000001,0.9407717593557855
9409,0.9409000000000001,0.9408717565506693
9410,0.9410000000000001,0.9409717537435965
9411,0.9411,0.9410717509345837
9412,0.9412,0.9411717481236471
9413,0.9413,0.9412717453108037
9414,0.9414,0.9413717424960693
9415,0.9415,0.9414717396794586
9416,0.9416,0.9415717368609878
9417,0.9417000000000001,0.9416717340406738
9418,0.9418000000000001,0.9417717312185315
9419,0.9419000000000001,0.941871728394576
9420,0.9420000000000001,0.9419717255688228
9421,0.9421,0.942071722741288
9422,0.9422,0.9421717199119857
9423,0.9423,0.9422717170809315
9424,0.9424,0.9423717142481404
9425,0.9425,0.9424717114136272
9426,0.9426,0.9425717085774071
9427,0.9427000000000001,0.9426717057394939
9428,0.9428000000000001,0.942771702899902
9429,0.9429000000000001,0.9428717000586467
9430,0.9430000000000001,0.942971697215743
9431,0.9431,0.9430716943712034
9432,0.9432,0.943171691525043
9433,0.9433,0.9432716886772767
9434,0.9434,0.9433716858279171
9435,0.9435,0.9434716829769783
9436,0.9436,0.943571680124474
9437,0.9437000000000001,0.9436716772704193
9438,0.9438000000000001,0.9437716744148267
9439,0.9439000000000001,0.9438716715577093
9440,0.9440000000000001,0.9439716686990808
9441,0.9441,0.9440716658389551
9442,0.9442,0.9441716629773438
9443,0.9443,0.944271660114262
9444,0.9444,0.9443716572497226
9445,0.9445,0.9444716543837371
9446,0.9446,0.9445716515163195
9447,0.9447000000000001,0.9446716486474817
9448,0.9448000000000001,0.9447716457772373
9449,0.9449000000000001,0.9448716429055981
9450,0.9450000000000001,0.944971640032576
9451,0.9451,0.9450716371581861
9452,0.9452,0.9451716342824374
9453,0.9453,0.9452716314053435
9454,0.9454,0.9453716285269179
9455,0.9455,0.9454716256471702
9456,0.9456,0.9455716227661143
9457,0.9457000000000001,0.9456716198837599
9458,0.9458000000000001,0.9457716170001221
9459,0.9459000000000001,0.9458716141152093
9460,0.9460000000000001,0.9459716112290343
9461,0.9461,0.9460716083416101
9462,0.9462,0.9461716054529461
9463,0.9463,0.9462716025630545
9464,0.9464,0.9463715996719456
9465,0.9465,0.9464715967796323
9466,0.9466,0.9465715938861244
9467,0.9467000000000001,0.9466715909914349
9468,0.9468000000000001,0.946771588095572
9469,0.9469000000000001,0.9468715851985479
9470,0.9470000000000001,0.9469715823003728
9471,0.9471,0.9470715794010588
9472,0.9472,0.9471715765006158
9473,0.9473,0.9472715735990529
9474,0.9474,0.9473715706963836
9475,0.9475,0.9474715677926159
9476,0.9476,0.9475715648877596
9477,0.9477000000000001,0.947671561981828
9478,0.9478000000000001,0.9477715590748282
9479,0.9479000000000001,0.9478715561667721
9480,0.9480000000000001,0.9479715532576682
9481,0.9481,0.9480715503475275
9482,0.9482,0.9481715474363607
9483,0.9483,0.948271544524175
9484,0.9484,0.9483715416109824
9485,0.9485,0.9484715386967916
9486,0.9486,0.9485715357816125
9487,0.9487000000000001,0.9486715328654555
9488,0.9488000000000001,0.9487715299483268
9489,0.9489000000000001,0.9488715270302399
9490,0.9490000000000001,0.9489715241112009
9491,0.9491,0.9490715211912195
9492,0.9492,0.9491715182703067
9493,0.9493,0.9492715153484697
9494,0.9494,0.9493715124257185
9495,0.9495,0.9494715095020616
9496,0.9496,0.9495715065775073
9497,0.9497000000000001,0.9496715036520661
9498,0.9498000000000001,0.9497715007257447
9499,0.9499000000000001,0.9498714977985532
9500,0.9500000000000001,0.9499714948704989
9501,0.9501000000000001,0.9500714919415908
9502,0.9502,0.9501714890118383
9503,0.9503,0.9502714860812491
9504,0.9504,0.9503714831498307
9505,0.9505,0.9504714802175928
9506,0.9506,0.9505714772845417
9507,0.9507000000000001,0.9506714743506874
9508,0.9508000000000001,0.9507714714160375
9509,0.9509000000000001,0.9508714684805992
9510,0.9510000000000001,0.9509714655443802
9511,0.9511000000000001,0.9510714626073905
9512,0.9512,0.9511714596696351
9513,0.9513,0.9512714567311238
9514,0.9514,0.9513714537918635
9515,0.9515,0.9514714508518612
9516,0.9516,0.9515714479111258
9517,0.9517,0.9516714449696638
9518,0.9518000000000001,0.9517714420274828
9519,0.9519000000000001,0.9518714390845903
9520,0.9520000000000001,0.9519714361409937
9521,0.9521000000000001,0.9520714331966998
9522,0.9522,0.952171430251716
9523,0.9523,0.9522714273060489
9524,0.9524,0.952371424359707
9525,0.9525,0.9524714214126958
9526,0.9526,0.9525714184650231
9527,0.9527,0.952671415516696
9528,0.9528000000000001,0.9527714125677205
9529,0.9529000000000001,0.9528714096181035
9530,0.9530000000000001,0.952971406667852
9531,0.9531000000000001,0.9530714037169733
9532,0.9532,0.953171400765473
9533,0.9533,0.9532713978133577
9534,0.9534,0.9533713948606337
9535,0.9535,0.9534713919073085
9536,0.9536,0.953571388953389
9537,0.9537,0.9536713859988792
9538,0.9538000000000001,0.9537713830437868
9539,0.9539000000000001,0.9538713800881172
9540,0.9540000000000001,0.953971377131878
9541,0.9541000000000001,0.9540713741750747
9542,0.9542,0.9541713712177127
9543,0.9543,0.9542713682597982
9544,0.9544,0.9543713653013385
9545,0.9545,0.9544713623423381
9546,0.9546,0.954571359382803
9547,0.9547,0.9546713564227386
9548,0.9548000000000001,0.9547713534621523
9549,0.9549000000000001,0.9548713505010487
9550,0.9550000000000001,0.9549713475394329
9551,0.9551000000000001,0.9550713445773115
9552,0.9552,0.9551713416146903
9553,0.9553,0.9552713386515733
9554,0.9554,0.9553713356879682
9555,0.9555,0.9554713327238782
9556,0.9556,0.9555713297593089
9557,0.9557,0.9556713267942678
9558,0.9558000000000001,0.9557713238287573
9559,0.9559000000000001,0.9558713208627847
9560,0.9560000000000001,0.9559713178963545
9561,0.9561000000000001,0.9560713149294722
9562,0.9562,0.9561713119621419
9563,0.9563,0.9562713089943692
9564,0.9564,0.9563713060261598
9565,0.9565,0.9564713030575166
9566,0.9566,0.9565713000884475
9567,0.9567,0.9566712971189546
9568,0.9568000000000001,0.9567712941490444
9569,0.9569000000000001,0.9568712911787212
9570,0.9570000000000001,0.9569712882079894
9571,0.9571000000000001,0.9570712852368534
9572,0.9572,0.9571712822653186
9573,0.9573,0.9572712792933906
9574,0.9574,0.9573712763210716
9575,0.9575,0.9574712733483679
9576,0.9576,0.957571270375283
9577,0.9577,0.957671267401821
9578,0.9578000000000001,0.9577712644279879
9579,0.9579000000000001,0.9578712614537864
9580,0.9580000000000001,0.9579712584792222
9581,0.9581000000000001,0.9580712555042985
9582,0.9582,0.9581712525290199
9583,0.9583,0.9582712495533904
9584,0.9584,0.9583712465774148
9585,0.9585,0.9584712436010961
9586,0.9586,0.9585712406244398
9587,0.9587,0.9586712376474481
9588,0.9588000000000001,0.9587712346701266
9589,0.9589000000000001,0.9588712316924797
9590,0.9590000000000001,0.9589712287145092
9591,0.9591000000000001,0.9590712257362198
9592,0.9592,0.959171222757616
9593,0.9593,0.9592712197787018
9594,0.9594,0.9593712167994795
9595,0.9595,0.9594712138199548
9596,0.9596,0.9595712108401298
9597,0.9597,0.9596712078600087
9598,0.9598000000000001,0.9597712048795953
9599,0.9599000000000001,0.9598712018988933
9600,0.9600000000000001,0.9599711989179053
9601,0.9601000000000001,0.9600711959366355
9602,0.9602,0.9601711929550873
9603,0.9603,0.9602711899732652
9604,0.9604,0.9603711869911712
9605,0.9605,0.9604711840088086
9606,0.9606,0.960571181026182
9607,0.9607,0.9606711780432933
9608,0.9608000000000001,0.9607711750601471
9609,0.9609000000000001,0.9608711720767455
9610,0.9610000000000001,0.9609711690930918
9611,0.9611000000000001,0.9610711661091904
9612,0.9612,0.9611711631250436
9613,0.9613,0.9612711601406545
9614,0.9614,0.9613711571560267
9615,0.9615,0.961471154171162
9616,0.9616,0.9615711511860642
9617,0.9617,0.9616711482007373
9618,0.9618000000000001,0.9617711452151825
9619,0.9619000000000001,0.9618711422294041
9620,0.9620000000000001,0.9619711392434042
9621,0.9621000000000001,0.9620711362571855
9622,0.9622,0.9621711332707521
9623,0.9623,0.962271130284105
9624,0.9624,0.9623711272972488
9625,0.9625,0.9624711243101846
9626,0.9626,0.9625711213229164
9627,0.9627,0.9626711183354472
9628,0.9628000000000001,0.9627711153477774
9629,0.9629000000000001,0.9628711123599115
9630,0.9630000000000001,0.9629711093718532
9631,0.9631000000000001,0.9630711063836019
9632,0.9632000000000001,0.9631711033951625
9633,0.9633,0.963271100406537
9634,0.9634,0.9633710974177276
9635,0.9635,0.9634710944287368
9636,0.9636,0.9635710914395677
9637,0.9637,0.9636710884502222
9638,0.9638000000000001,0.9637710854607031
9639,0.9639000000000001,0.9638710824710119
9640,0.9640000000000001,0.9639710794811515
9641,0.9641000000000001,0.9640710764911238
9642,0.9642000000000001,0.9641710735009321
9643,0.9643,0.9642710705105784
9644,0.9644,0.9643710675200642
9645,0.9645,0.9644710645293916
9646,0.9646,0.9645710615385636
9647,0.9647,0.964671058547582
9648,0.9648,0.9647710555564493
9649,0.9649000000000001,0.9648710525651673
9650,0.9650000000000001,0.9649710495737377
9651,0.9651000000000001,0.9650710465821641
9652,0.9652000000000001,0.9651710435904463
9653,0.9653,0.9652710405985878
9654,0.9654,0.9653710376065906
9655,0.9655,0.9654710346144563
9656,0.9656,0.9655710316221864
9657,0.9657,0.9656710286297836
9658,0.9658,0.9657710256372499
9659,0.9659000000000001,0.9658710226445868
9660,0.9660000000000001,0.9659710196517961
9661,0.9661000000000001,0.9660710166588801
9662,0.9662000000000001,0.9661710136658399
9663,0.9663,0.9662710106726777
9664,0.9664,0.9663710076793959
9665,0.9665,0.9664710046859954
9666,0.9666,0.9665710016924774
9667,0.9667,0.9666709986988453
9668,0.9668,0.9667709957051001
9669,0.9669000000000001,0.966870992711243
9670,0.9670000000000001,0.966970989717276
9671,0.9671000000000001,0.9670709867232005
9672,0.9672000000000001,0.9671709837290184
9673,0.9673,0.9672709807347312
9674,0.9674,0.9673709777403408
9675,0.9675,0.9674709747458484
9676,0.9676,0.9675709717512552
9677,0.9677,0.9676709687565632
9678,0.9678,0.9677709657617751
9679,0.9679000000000001,0.9678709627668906
9680,0.9680000000000001,0.9679709597719104
9681,0.9681000000000001,0.9680709567768384
9682,0.9682000000000001,0.9681709537816755
9683,0.9683,0.9682709507864219
9684,0.9684,0.9683709477910795
9685,0.9685,0.9684709447956497
9686,0.9686,0.9685709418001346
9687,0.9687,0.9686709388045341
9688,0.9688,0.9687709358088515
9689,0.9689000000000001,0.9688709328130861
9690,0.9690000000000001,0.9689709298172398
9691,0.9691000000000001,0.9690709268213148
9692,0.9692000000000001,0.9691709238253123
9693,0.9693,0.9692709208292323
9694,0.9694,0.9693709178330758
9695,0.9695,0.9694709148368463
9696,0.9696,0.9695709118405427
9697,0.9697,0.9696709088441683
9698,0.9698,0.9697709058477219
9699,0.9699000000000001,0.9698709028512069
9700,0.9700000000000001,0.9699708998546223
9701,0.9701000000000001,0.9700708968579713
9702,0.9702000000000001,0.9701708938612538
9703,0.9703,0.9702708908644702
9704,0.9704,0.9703708878676233
9705,0.9705,0.9704708848707133
9706,0.9706,0.9705708818737404
9707,0.9707,0.9706708788767081
9708,0.9708,0.9707708758796147
9709,0.9709000000000001,0.970870872882463
9710,0.9710000000000001,0.9709708698852537
9711,0.9711000000000001,0.971070866887987
9712,0.9712000000000001,0.971170863890664
9713,0.9713,0.9712708608932858
9714,0.9714,0.9713708578958545
9715,0.9715,0.9714708548983694
9716,0.9716,0.9715708519008321
9717,0.9717,0.9716708489032444
9718,0.9718,0.9717708459056059
9719,0.9719000000000001,0.9718708429079167
9720,0.9720000000000001,0.9719708399101801
9721,0.9721000000000001,0.9720708369123949
9722,0.9722000000000001,0.9721708339145635
9723,0.9723,0.972270830916686
9724,0.9724,0.9723708279187621
9725,0.9725,0.9724708249207952
9726,0.9726,0.9725708219227831
9727,0.9727,0.9726708189247285
9728,0.9728,0.9727708159266317
9729,0.9729000000000001,0.9728708129284946
9730,0.9730000000000001,0.9729708099303156
9731,0.9731000000000001,0.973070806932097
9732,0.9732000000000001,0.9731708039338401
9733,0.9733,0.9732708009355437
9734,0.9734,0.9733707979372099
9735,0.9735,0.97347079493884
9736,0.9736,0.9735707919404328
9737,0.9737,0.9736707889419892
9738,0.9738,0.973770785943512
9739,0.9739000000000001,0.9738707829449998
9740,0.9740000000000001,0.9739707799464536
9741,0.9741000000000001,0.9740707769478744
9742,0.9742000000000001,0.9741707739492638
9743,0.9743,0.9742707709506203
9744,0.9744,0.9743707679519462
9745,0.9745,0.9744707649532416
9746,0.9746,0.9745707619545064
9747,0.9747,0.9746707589557418
9748,0.9748,0.9747707559569487
9749,0.9749000000000001,0.9748707529581265
9750,0.9750000000000001,0.974970749959277
9751,0.9751000000000001,0.9750707469604014
9752,0.9752000000000001,0.9751707439614975
9753,0.9753000000000001,0.9752707409625687
9754,0.9754,0.9753707379636138
9755,0.9755,0.9754707349646341
9756,0.9756,0.9755707319656293
9757,0.9757,0.9756707289666007
9758,0.9758,0.9757707259675485
9759,0.9759000000000001,0.9758707229684725
9760,0.9760000000000001,0.9759707199693748
9761,0.9761000000000001,0.9760707169702544
9762,0.9762000000000001,0.9761707139711125
9763,0.9763000000000001,0.9762707109719491
9764,0.9764,0.9763707079727652
9765,0.9765,0.9764707049735596
9766,0.9766,0.976570701974336
9767,0.9767,0.976670698975092
9768,0.9768,0.9767706959758286
9769,0.9769000000000001,0.9768706929765462
9770,0.9770000000000001,0.9769706899772453
9771,0.9771000000000001,0.9770706869779275
9772,0.9772000000000001,0.9771706839785914
9773,0.9773000000000001,0.9772706809792384
9774,0.9774,0.9773706779798684
9775,0.9775,0.9774706749804823
9776,0.9776,0.9775706719810794
9777,0.9777,0.9776706689816616
9778,0.9778,0.9777706659822277
9779,0.9779,0.9778706629827792
9780,0.9780000000000001,0.9779706599833161
9781,0.9781000000000001,0.9780706569838381
9782,0.9782000000000001,0.9781706539843464
9783,0.9783000000000001,0.978270650984841
9784,0.9784,0.978370647985322
9785,0.9785,0.9784706449857893
9786,0.9786,0.9785706419862442
9787,0.9787,0.9786706389866875
9788,0.9788,0.9787706359871173
9789,0.9789,0.9788706329875356
9790,0.9790000000000001,0.9789706299879417
9791,0.9791000000000001,0.9790706269883374
9792,0.9792000000000001,0.9791706239887216
9793,0.9793000000000001,0.9792706209890946
9794,0.9794,0.979370617989457
9795,0.9795,0.9794706149898095
9796,0.9796,0.9795706119901514
9797,0.9797,0.9796706089904832
9798,0.9798,0.979770605990806
9799,0.9799,0.9798706029911184
9800,0.9800000000000001,0.979970599991423
9801,0.9801000000000001,0.9800705969917173
9802,0.9802000000000001,0.9801705939920032
9803,0.9803000000000001,0.9802705909922818
9804,0.9804,0.9803705879925506
9805,0.9805,0.9804705849928118
9806,0.9806,0.9805705819930649
9807,0.9807,0.9806705789933111
9808,0.9808,0.9807705759935496
9809,0.9809,0.9808705729937798
9810,0.9810000000000001,0.9809705699940046
9811,0.9811000000000001,0.9810705669942212
9812,0.9812000000000001,0.9811705639944309
9813,0.9813000000000001,0.9812705609946349
9814,0.9814,0.9813705579948322
9815,0.9815,0.9814705549950224
9816,0.9816,0.9815705519952072
9817,0.9817,0.9816705489953861
9818,0.9818,0.9817705459955592
9819,0.9819,0.9818705429957267
9820,0.9820000000000001,0.9819705399958886
9821,0.9821000000000001,0.9820705369960459
9822,0.9822000000000001,0.9821705339961972
9823,0.9823000000000001,0.9822705309963443
9824,0.9824,0.9823705279964853
9825,0.9825,0.982470524996623
9826,0.9826,0.9825705219967551
9827,0.9827,0.9826705189968836
9828,0.9828,0.9827705159970066
9829,0.9829,0.9828705129971261
9830,0.9830000000000001,0.9829705099972422
9831,0.9831000000000001,0.9830705069973522
9832,0.9832000000000001,0.9831705039974604
9833,0.9833000000000001,0.9832705009975637
9834,0.9834,0.9833704979976636
9835,0.9835,0.9834704949977604
9836,0.9836,0.9835704919978534
9837,0.9837,0.9836704889979431
9838,0.9838,0.9837704859980293
9839,0.9839,0.9838704829981131
9840,0.9840000000000001,0.9839704799981939
9841,0.9841000000000001,0.9840704769982708
9842,0.9842000000000001,0.9841704739983456
9843,0.9843000000000001,0.9842704709984168
9844,0.9844,0.9843704679984859
9845,0.9845,0.9844704649985527
9846,0.9846,0.984570461998616
9847,0.9847,0.9846704589986781
9848,0.9848,0.9847704559987368
9849,0.9849,0.9848704529987944
9850,0.9850000000000001,0.9849704499988486
9851,0.9851000000000001,0.9850704469989017
9852,0.9852000000000001,0.985170443998951
9853,0.9853000000000001,0.9852704409990005
9854,0.9854,0.9853704379990466
9855,0.9855,0.9854704349990915
9856,0.9856,0.9855704319991341
9857,0.9857,0.9856704289991757
9858,0.9858,0.9857704259992148
9859,0.9859,0.9858704229992529
9860,0.9860000000000001,0.9859704199992886
9861,0.9861000000000001,0.9860704169993231
9862,0.9862000000000001,0.9861704139993568
9863,0.9863000000000001,0.9862704109993888
9864,0.9864,0.9863704079994188
9865,0.9865,0.9864704049994476
9866,0.9866,0.9865704019994764
9867,0.9867,0.9866703989995029
9868,0.9868,0.9867703959995285
9869,0.9869,0.9868703929995526
9870,0.9870000000000001,0.9869703899995759
9871,0.9871000000000001,0.9870703869995977
9872,0.9872000000000001,0.9871703839996195
9873,0.9873000000000001,0.9872703809996394
9874,0.9874,0.987370377999659
9875,0.9875,0.9874703749996773
9876,0.9876,0.9875703719996946
9877,0.9877,0.9876703689997118
9878,0.9878,0.987770365999728
9879,0.9879,0.9878703629997432
9880,0.9880000000000001,0.987970359999757
9881,0.9881000000000001,0.988070356999771
9882,0.9882000000000001,0.9881703539997848
9883,0.9883000000000001,0.9882703509997963
9884,0.9884000000000001,0.9883703479998089
9885,0.9885,0.9884703449998196
9886,0.9886,0.9885703419998311
9887,0.9887,0.9886703389998402
9888,0.9888,0.9887703359998506
9889,0.9889,0.9888703329998588
9890,0.9890000000000001,0.9889703299998681
9891,0.9891000000000001,0.9890703269998763
9892,0.9892000000000001,0.9891703239998842
9893,0.9893000000000001,0.9892703209998911
9894,0.9894000000000001,0.9893703179998982
9895,0.9895,0.9894703149999049
9896,0.9896,0.9895703119999109
9897,0.9897,0.9896703089999167
9898,0.9898,0.9897703059999224
9899,0.9899,0.9898703029999271
9900,0.9900000000000001,0.9899702999999318
9901,0.9901000000000001,0.9900702969999363
9902,0.9902000000000001,0.9901702939999409
9903,0.9903000000000001,0.9902702909999456
9904,0.9904000000000001,0.9903702879999491
9905,0.9905,0.9904702849999526
9906,0.9906,0.9905702819999561
9907,0.9907,0.9906702789999595
9908,0.9908,0.9907702759999618
9909,0.9909,0.9908702729999652
9910,0.991,0.9909702699999674
9911,0.9911000000000001,0.9910702669999699
9912,0.9912000000000001,0.9911702639999721
9913,0.9913000000000001,0.9912702609999746
9914,0.9914000000000001,0.9913702579999769
9915,0.9915,0.991470254999978
9916,0.9916,0.9915702519999804
9917,0.9917,0.9916702489999816
9918,0.9918,0.9917702459999826
9919,0.9919,0.9918702429999849
9920,0.992,0.9919702399999861
9921,0.9921000000000001,0.9920702369999873
9922,0.9922000000000001,0.9921702339999885
9923,0.9923000000000001,0.9922702309999897
9924,0.9924000000000001,0.9923702279999896
9925,0.9925,0.9924702249999908
9926,0.9926,0.992570221999992
9927,0.9927,0.992670218999992
9928,0.9928,0.992770215999993
9929,0.9929,0.9928702129999943
9930,0.993,0.9929702099999943
9931,0.9931000000000001,0.9930702069999955
9932,0.9932000000000001,0.9931702039999954
9933,0.9933000000000001,0.9932702009999954
9934,0.9934000000000001,0.9933701979999966
9935,0.9935,0.9934701949999966
9936,0.9936,0.9935701919999965
9937,0.9937,0.9936701889999978
9938,0.9938,0.9937701859999979
9939,0.9939,0.9938701829999979
9940,0.994,0.9939701799999978
9941,0.9941000000000001,0.994070176999999
9942,0.9942000000000001,0.994170173999999
9943,0.9943000000000001,0.994270170999999
9944,0.9944000000000001,0.994370167999999
9945,0.9945,0.994470164999999
9946,0.9946,0.9945701619999989
9947,0.9947,0.994670158999999
9948,0.9948,0.994770155999999
9949,0.9949,0.9948701529999989
9950,0.995,0.99497015
9951,0.9951000000000001,0.9950701470000001
9952,0.9952000000000001,0.9951701440000001
9953,0.9953000000000001,0.9952701410000001
9954,0.9954000000000001,0.9953701380000001
9955,0.9955,0.995470135
9956,0.9956,0.9955701320000001
9957,0.9957,0.9956701290000001
9958,0.9958,0.995770126
9959,0.9959,0.995870123
9960,0.996,0.9959701200000001
9961,0.9961000000000001,0.9960701170000001
9962,0.9962000000000001,0.9961701140000001
9963,0.9963000000000001,0.9962701110000001
9964,0.9964000000000001,0.9963701080000001
9965,0.9965,0.9964701050000001
9966,0.9966,0.9965701020000001
9967,0.9967,0.996670099
9968,0.9968,0.996770096
9969,0.9969,0.9968700930000001
9970,0.997,0.99697009
9971,0.9971000000000001,0.9970700870000001
9972,0.9972000000000001,0.9971700840000001
9973,0.9973000000000001,0.9972700810000001
9974,0.9974000000000001,0.9973700780000001
9975,0.9975,0.9974700750000001
9976,0.9976,0.997570072
9977,0.9977,0.9976700690000001
9978,0.9978,0.9977700660000001
9979,0.9979,0.997870063
9980,0.998,0.99797006
9981,0.9981000000000001,0.9980700570000002
9982,0.9982000000000001,0.9981700540000001
9983,0.9983000000000001,0.9982700510000001
9984,0.9984000000000001,0.9983700480000001
9985,0.9985,0.998470045
9986,0.9986,0.9985700420000001
9987,0.9987,0.9986700390000001
9988,0.9988,0.998770036
9989,0.9989,0.998870033
9990,0.999,0.9989700300000001
9991,0.9991000000000001,0.9990700270000001
9992,0.9992000000000001,0.9991700240000001
9993,0.9993000000000001,0.9992700210000001
9994,0.9994000000000001,0.9993700180000001
9995,0.9995,0.9994700150000001
9996,0.9996,0.9995700120000001
9997,0.9997,0.999670009
9998,0.9998,0.9997700060000001
9999,0.9999,0.9998700030000001
10000,1.0,0.99997
